010000101011011001100100
010000101011011010110000
010000101011011010111000
010000101011011101100100
010000101011011100001000
010000101011011010011110
010000101011011000111111
010000101011011001010001
010000101011011010011100
010000101011011001001011
010000101011011011011001
010000101011011001011011
001110100011101110101010
001110010010111110010100
001110001110010101010001
001110001011101100010110
001110001001010111101011
001110000111000110010010
001110000100111001001001
001110000010101011001000
001111011011000010010100
010000001101110010001010
010000010110001101001100
010000010111100111101011
010000010111110100101101
010000010111110101100100
010000010111110111110110
010000010111110110100000
010000010111110110100000
010000010111110111101000
010000010111110111111001
010000010111111010001000
010000010111111000000010
010000010111110111011010
010000010111111010100001
010000010111111011000010
010000010111110111001000
010000010111111001001001
010000010111110110111000
010000010111110101101110
010000010111111001110001
010000010111111001101101
010000010111110101111011
010000010111111001000010
010000010111110111001100
010000010111110101001111
010000010111111010101110
001110010001001001111110
001110000001011010011100
001101111101101101111101
001101111100000111100110
001101111010110010111100
001101111001011101100010
001101111000001100000101
001101110110111011001101
001111010000001001000000
010000000010110101000000
010000001011010010101011
010000001100101110010100
010000001100111010011111
010000001101000001110110
010000001100111111111010
010000001100111010001011
010000001100111110001100
010000001101000001010101
010000001100111110101010
010000001101000000000100
010000001100111101101111
010000001100111110110000
010000001100111111010111
010000001100111110111010
010000001100111100110101
010000001101000000111110
010000001100111111011111
010000001101000000000001
010000001100111111010111
010000001100111010111111
010000001100111110111111
010000001100111101111101
010000001100111101001011
010000001100111101011010
010000001100111100100000
001110000110000111111111
001101110110011000100110
001101110010110001001101
001101110001000111100101
001101101111110000001001
001101101110011110101101
001101101101010011000010
001101101011111110000101
001111000101001010011011
001111110111111001011000
010000000000010101001111
010000000001101100011100
010000000001111011010011
010000000001111111011001
010000000010000100111111
010000000010000000010011
010000000010000000001110
010000000010000000001101
010000000010000001000111
010000000010000000010011
010000000001111110101001
010000000010000011010010
010000000001111111000010
010000000010000001000010
010000000001111110101000
010000000010000001000011
010000000001111110100100
010000000001111101100010
010000000010000001010100
010000000001111110110100
010000000001111110111100
010000000010000000100101
010000000001111110101000
010000000001111101100110
010000000001111101110000
001101111011001011000110
001101101011011100011001
001101100111110100000110
001101100110000111111010
001101100100110011101010
001101100011100010011111
001101100010010100011100
001101100001000011000011
001110111010001111001101
001111101100111001101000
001111110101010100110111
001111110110101111101110
001111110110111101000110
001111110111000010000011
001111110111000010000111
001111110111000100100101
001111110111000001011100
001111110111000010110011
001111110111000110000111
001111110110111101011001
001111110111000011011101
001111110111000101001101
001111110111000001001110
001111110111000010001110
001111110111000010010011
001111110111000001100110
001111110111000011000101
001111110111000010001111
001111110111000001000100
001111110111000100011000
001111110110111111110100
001111110111000100011010
001111110111000011001011
001111110111000001000011
001111110111000101001001
001101110000001110010100
001101100000011110110100
001101011100110011011111
001101011011001100011101
001101011001110101110010
001101011000100100101100
001101010111010010101111
001101010110000010001001
001110101111010001101001
001111100001111010010000
001111101010011001100100
001111101011110000100010
001111101100000001100010
001111101100000011000010
001111101100000100001100
001111101100000100100100
001111101100000010011100
001111101100000101110010
001111101100000101100000
001111101100000111010000
001111101100000011011000
001111101100000100000010
001111101100000101001100
001111101100000001001111
001111101100000010111111
001111101100000101111001
001111101100000101011100
001111101100000001100011
001111101100000011010101
001111101100000101001111
001111101100000010100110
001111101100000100011010
001111101100000101000011
001111101100000101010110
001111101100000011011010
001101100101001111101000
001101010101100000111100
001101010001110110110001
001101010000001011111010
001101001110111001000101
001101001101100110110110
001101001100011000001100
001101001011000010011100
001110100100010001011011
001111010110111101100001
001111011111011001101000
001111100000110011011101
001111100001000010010011
001111100001000110000011
001111100001000100101001
001111100001000110101001
001111100001000101111011
001111100001000111110001
001111100001000110101110
001111100001000110101100
001111100001000001110110
001111100001000110010011
001111100001000111010111
001111100001000111001100
001111100001000110011110
001111100001000111010110
001111100001001000010011
001111100001000101000101
001111100001000111111010
001111100001000101111100
001111100001001001001011
001111100001000111011001
001111100001000100111001
001111100001000101001111
001111100001000101011001
001101011010010000101101
001101001010100000101011
001101000110110110101011
001101000101001100010110
001101000011111000110110
001101000010100111111101
001101000001010100111001
001101000000000101110101
001110011001010010111100
001111001011111110001001
001111010100011010100001
001111010101110100011101
001111010110000100111011
001111010110000101000110
001111010110001000100010
001111010110000111010111
001111010110000110100101
001111010110000110110100
001111010110001000100011
001111010110000101000000
001111010110001010000101
001111010110001001000000
001111010110001000010111
001111010110000101111111
001111010110000101111101
001111010110001000010110
001111010110000101011101
001111010110000111001110
001111010110000110010110
001111010110000101001110
001111010110000111010010
001111010110000111000101
001111010110001010010011
001111010110000111011111
001111010110000110101111
001101001111010011000010
001100111111100011110010
001100111011111010101010
001100111010001110010010
001100111000111001111110
001100110111100101011011
001100110110011000011010
001100110101000101001010
001110001110010111000000
001111000000111111010001
001111001001011100011011
001111001010110111010111
001111001011000101111111
001111001011001001001101
001111001011001001111101
001111001011001010110011
001111001011001011010111
001111001011001011100011
001111001011001010001111
001111001011001000101111
001111001011001010001001
001111001011001000110000
001111001011001000011101
001111001011001001001011
001111001011001100011001
001111001011001001111111
001111001011001000010101
001111001011000111010100
001111001011001000001101
001111001011001000000001
001111001011000111001011
001111001011001001100111
001111001011000110101001
001111001011001001101000
001111001011000101110110
001101000100010010111111
001100110100100100010001
001100110000111011110001
001100101111010000011011
001100101101111010101111
001100101100101001010111
001100101011011011101110
001100101010001000110111
001110000011010101111110
001110110110000001000000
001110111110011100111101
001110111111110110111111
001111000000000110000001
001111000000001011110010
001111000000001010000111
001111000000001010100011
001111000000001010100011
001111000000001011100101
001111000000001011111101
001111000000001011111010
001111000000001010010110
001111000000001110011110
001111000000001010011101
001111000000001001011000
001111000000001010100100
001111000000001101011111
001111000000001001010011
001111000000001011010000
001111000000001000000001
001111000000001010111000
001111000000001001110011
001111000000001001111110
001111000000001110001001
001111000000001101011010
001111000000001011011010
001100111001011000000111
001100101001101000110000
001100100101111100000100
001100100100010010110101
001100100010111110100011
001100100001101001001000
001100100000011100000111
001100011111001011000001
001101111000011100001101
001110101011000011101100
001110110011100001101111
001110110100111001100111
001110110101001011001100
001110110101001100000100
001110110101001011000110
001110110101010000000101
001110110101001101111000
001110110101001001100110
001110110101001111011001
001110110101001100101100
001110110101001010101111
001110110101001011101101
001110110101010000001001
001110110101001100001100
001110110101001100111011
001110110101001101001000
001110110101001000100001
001110110101001111001110
001110110101001100000011
001110110101001100010110
001110110101001010100011
001110110101001001101010
001110110101001010111000
001110110101001110110000
001110110101001011010010
001100101110010111111101
001100011110101000010101
001100011010111110100001
001100011001010011110100
001100010111111111101100
001100010110101110010001
001100010101011011101111
001100010100001011011111
001101101101011011101111
001110100000000111011100
001110101000100000100001
001110101001111011110111
001110101010001010010100
001110101010001110110011
001110101010001011111001
001110101010001110110100
001110101010001110010000
001110101010001101101101
001110101010010010011101
001110101010001111100011
001110101010001110011011
001110101010001111001010
001110101010010000110111
001110101010001101010000
001110101010001110101110
001110101010001110001100
001110101010001111010010
001110101010010000001001
001110101010001110010011
001110101010001110011110
001110101010001011001011
001110101010001011101000
001110101010001110100110
001110101010001110001100
001110101010001110010111
001100100011011010101100
001100010011101100011001
001100010000000001011101
001100001110010101111011
001100001100111111110001
001100001011101110011001
001100001010100000010101
001100001001001101100101
001101100010011100101101
001110010101001010001011
001110011101100110001110
001110011110111111111111
001110011111001100100010
001110011111010000010101
001110011111010000001001
001110011111001111110011
001110011111001111001100
001110011111001101101101
001110011111010011000010
001110011111010010110100
001110011111001110011101
001110011111001111111001
001110011111001111101010
001110011111001100000101
001110011111010010010011
001110011111010000111000
001110011111010010111111
001110011111001110001100
001110011111001111101110
001110011111001111111101
001110011111010010001011
001110011111010001011000
001110011111010010011000
001110011111010000110001
001110011111010010111010
001100011000011010001001
001100001000101100001010
001100000101000101100111
001100000011010111011100
001100000010000011111000
001100000000110011110100
001011111111011111101101
001011111110010010000110
001101010111011101011000
001110001010001010100111
001110010010100100111110
001110010100000001010011
001110010100001110101110
001110010100001111111111
001110010100010101110010
001110010100010100101111
001110010100010100010000
001110010100010001010001
001110010100010001100110
001110010100010010001100
001110010100010000001100
001110010100010011000111
001110010100010010001000
001110010100010000110110
001110010100010001101101
001110010100010101000010
001110010100010100000001
001110010100010001110100
001110010100010011101111
001110010100010001001001
001110010100010100000111
001110010100010001101011
001110010100010000100111
001110010100010000011001
001110010100010001100010
001100001101011101000000
001011111101110001100010
001011111010000110000110
001011111000011101000000
001011110111000011110000
001011110101110010000100
001011110100011111111101
001011110011010000111011
001101001100100000000111
001101111111001011100101
001110000111100101111111
001110001001000001101011
001110001001010100101010
001110001001010001110010
001110001001010011000001
001110001001010111010010
001110001001010010001110
001110001001010111100101
001110001001010010010000
001110001001010011011011
001110001001010000000111
001110001001010110100101
001110001001010101010111
001110001001010001010100
001110001001010100101101
001110001001010011111110
001110001001010011011000
001110001001010011100111
001110001001010100011110
001110001001010100100010
001110001001010011111100
001110001001010101011001
001110001001010010111101
001110001001010100110011
001110001001010101101110
001100000010011110101010
001011110010110011101100
001011101111000100000011
001011101101011001000110
001011101101010001110011
001011101101001101100100
001011101101000100011101
001011101100111100111101
001011101100110000000010
001011101100100110110111
001011101100100000011000
001011101100011000101101
001011101100010001010111
001011101100000101110101
001011101100000010011010
001011101011110111111001
001011101011101101100101
001011101011100111011101
001011101011011110111000
001011101011010101100100
001011101011010000111010
001011101011001001100110
001011101010111110101001
001011101010110111001001
001011101010101100100010
001011101010100100100110
001011101010011110111111
001011101010010100111000
001011101010001100001111
001011101010000101101100
001011101010000000011011
001011101001110100100101
001011101001101010111110
001011101001100101000001
001011101001011110000111
001011101001010110000010
001011101001001101101111
001011101000111111101110
001011101000111111101101
001011101000110010000001
001011101000101011110111
001011101000100110010111
001011101000011100101000
001011101000010010011111
001011101000001101011100
001011101000000110111100
001011100111111100000010
001011100111110011101111
001011100111101011000111
001011100111100010001011
001011100111011010010111
001100100111010010111111
001100110101100101000010
001101000001100000010100
001101001011100010001000
001101010011110111010001
001101011010110100010001
001101100000101010011000
001101100101100001010000
001101101001100111101100
001101101101000000100110
001101101111110101110001
001101110010001101101000
001101110100001110010110
001101110101111010001111
001101110111001110110000
001101111000011001111011
001101111001011010110010
001101111010001101100100
001101111010111000111101
001101111011011110010011
001101111011111100111100
001101111100010010110110
001101111100101000001101
001101111100111101100001
001101111101001011011000
001101111101010101111100
001101111101100000011000
001101111101101000100001
001101111101110001101111
001101111101110111111011
001101111101111101110010
001101111110000100010000
001101111110000011110111
001101111110000111110010
001101111110001010000001
001101111110001000000001
001101111110001011010001
001101111110010001100010
001101111110001111010111
001101111110010001111101
001101111110010001011111
001101111110010010000001
001101111110010001110110
001101111110001101111100
001101111110010010110100
001101111110010101011011
001101111110010101110111
001101111110010111011111
001101111110010011111101
001101111110010100010001
001101111110010101101110
001101111110010111010111
001101111110010101001101
001101111110010100111011
001101111110010111100011
001101111110010100010101
001101111110010100001100
001101111110010011101100
001101111110010110110000
001101111110010111010000
001101111110010101000101
001101111110010111011111
001101111110010111001110
001101111110010110110010
001101111110010101101100
001101111110011000000001
001101111110010111011010
001101111110010110001011
001101111110010111010110
001101111110010100101000
001101111110010100111010
001101111110011010100001
001101111110010000101101
001101111110010110101011
001101111110010110001000
001101111110010101000101
001101111110010111010100
001101111110010011111111
001101111110010101110101
001101111110011000110011
001101111110010101110011
001101111110011000110010
001101111110011000010011
001101111110010100100011
001101111110011000001101
001101111110010111100111
001101111110010111011101
001101111110010110110001
001101111110010101100000
001101111110010100100011
001101111110010101010111
001101111110010101101111
001101111110010110111000
001101111110010111101001
001101111110010011111011
001101111110010111100001
001101111110010110101001
001101111110011000011111
001101111110010111011000
001101111110010101001100
001101111110010110000000
001101111110010110011101
001101111110010101111111
001101111110010101111100
001101111110010110001111
001101111110010110010001
001101111110010111000000
001101111110010111111100
001101111110010110010101
001101111110011000010001
001101111110010110011000
001101111110010101101110
001101111110010101010010
001101111110010100000100
001101111110010111001011
001101111110010111100111
001101111110010101111110
001101111110010111001111
001101111110010100111011
001101111110010101100111
001101111110010111111000
001101111110011000011000
001101111110010101010110
001101111110010111110101
001101111110010101001001
001101111110010110000100
001101111110010111000110
001101111110010100011001
001101111110010110001010
001101111110010011010100
001101111110010111100100
001101111110010101011110
001101111110010101111101
001101111110011001011101
001101111110010111110001
001101111110010100001010
001101111110010100001000
001101111110010110000011
001101111110010111000100
001101111110011000011011
001101111110010111011011
001101111110011000000111
001101111110010100010110
001101111110010110101101
001101111110011000111111
001101111110010111101010
001101111110010101101000
001101111110010011110011
001101111110010100111111
001101111110010101010100
001101111110011001001111
001101111110010101000010
001101111110010100111110
001101111110010101110010
001101111110011001000011
001101111110011010000010
001101111110010100110001
001101111110010101010100
001101111110010111000011
001101111110010111100110
001101111110010110100110
001101111110010101010100
001101111110010111100001
001101111110010101011100
001101111110010110001110
001101111110010111111110
001101111110010110100110
001101111110011001000110
001101111110010101011010
001101111110011000000101
001101111110010100100010
001101111110010100011110
001101111110010110011001
001101111110010110010110
001101111110011010000101
001101111110011001001000
001101111110010101010000
001101111110010110101101
001101111110010110000110
001101111110010100100111
001101111110010111101100
001101111110010111011101
001101111110011000000011
001101111110010100110000
001101111110010111001100
001101111110010110000100
001101111110011000110010
001101111110010100101011
001101111110010011110111
001101111110010100101010
001101111110010100101100
001101111110010101101101
001101111110010111100110
001101111110010111000101
001101111110010101100011
001101111110010111000110
001101111110010100011110
001101111110011000010111
001101111110011001010110
001101111110010111101010
001101111110010101011001
001101111110010101011111
001101111110011001010010
001101111110011001001101
001101111110010101010101
001101111110010101010000
001101111110010011111000
001101111110010111101000
001101111110010111110111
001101111110010101001111
001101111110010111010100
001101111110010111101010
001101111110010100110011
001101111110010110000110
001101111110010110111001
001101111110010110110010
001101111110010111100100
001101111110011001010001
001101111110011001101101
001101111110010101000001
001101111110010110000010
001101111110010110001011
001101111110010110000000
001101111110011000001010
001101111110010101101101
001101111110010101110010
001101111110010111110110
001101111110010111000100
001101111110010111101011
001101111110010100111111
001101111110010011100110
001101111110010010011100
001101111110010100100100
001101111110010110100001
001101111110010101000100
001101111110010111001110
001101111110011001010111
001101111110010110001011
001101111110010110111111
001101111110011001100110
001101111110011000011010
001101111110010111100011
001101111110010100001011
001101111110010111000110
001101111110010101111101
001101111110010110000011
001101111110010011001010
001101111110010110011110
001101111110010101110001
001101111110010110111010
001101111110011000100110
001101111110010110111100
001101111110010111001110
001101111110010101101100
001101111110010011000001
001101111110010110111010
001101111110010110101000
001101111110011001010100
001101111110010110001101
001101111110010101101100
001101111110010101100100
001101111110010100011111
001101111110010101010000
001100111110011000001111
001100101111111010101011
001100100011111001011100
001100011001110001000110
001100010001010000111100
001100001010001110011011
001100000100001101110101
001011111111001101100101
001011111011000110101111
001011110111011111001001
001011110100100100000110
001011110010000011011010
001011101111111100100111
001011101110001001001010
001011101100100110101010
001011101011010100000011
001011101010001101010100
001011101001010001011001
001011101000011111000011
001011100111110010101011
001011100111001011110000
001011100110101011100001
001011100110001110100111
001011100101110001110011
001011100101011110110111
001011100101001000010010
001011100100111001101101
001011100100100110111011
001011100100010110101010
001011100100001001011100
001011100011111011010011
001011100011101101101001
001011100011100011010110
001011100011011000001111
001011100011001110001110
001011100011000011000011
001011100010111100110100
001011100010110001110001
001011100010101001010101
001011100010011101111001
001011100010010111010010
001011100010001001110101
001011100010000101010101
001011100001111100011011
001011100001110001000011
001011100001101011010101
001011100001100110110000
001011100001011001100100
001011100001010100011000
001011100001001001100110
001011100001000001011001
001011100000111011110001
001011100000101111110111
001011100000101000110001
001011100000100000110100
001011100000011010100101
001011100000001101100001
001011100000000110111010
001011100000000000101011
001011011111111000010100
001011011111101111110011
001011011111100110011000
001011011111011111110101
001011011111010110010110
001011011111010010101011
001011011111001000011101
001011011111000000111011
001011011110111000110001
001011011110101111011111
001011011110100011111001
001011011110011110011001
001011011110010101110111
001011011110001110100100
001011011110000111010000
001011011101111111110010
001011011101110110011111
001011011101110001100110
001011011101100110011011
001011011101011110011100
001011011101010101111101
001011011101001101010010
001011011101000110101000
001011011100111101010010
001011011100110100000101
001011011100101101000111
001011011100100111110100
001011011100011111110001
001100011100010101001010
001100101010100111010110
001100110110100000111100
001101000000100010000010
001101001000111010101110
001101001111110110000111
001101010101101101111001
001101011010100101010001
001101011110101001100011
001101100010000011101111
001101100100111000110110
001101100111001111111001
001101101001001101101011
001101101010111001000011
001101101100010100000011
001101101101011100100001
001101101110011100001100
001101101111001110001111
001101101111111000000011
001101110000100010011110
001101110001000000000001
001101110001011000011011
001101110001101100111101
001101110001111101101001
001101110010001101101111
001101110010011000001110
001101110010100000001010
001101110010101001110110
001101110010110010111100
001101110010111001011011
001101110010111101100111
001101110011000010111010
001101110011001000000001
001101110011001000101001
001101110011001010111110
001101110011001010110011
001101110011001111111001
001101110011010001010111
001101110011010010100100
001101110011010011000110
001101110011010001011110
001101110011010111110110
001101110011010111010110
001101110011011000000000
001101110011011001000010
001101110011010111000111
001101110011010110011111
001101110011010110011100
001101110011010111111111
001101110011011000000010
001101110011011000100100
001101110011011001010011
001101110011010111110010
001101110011011001111001
001101110011011000010101
001101110011010111011111
001101110011011001110001
001101110011011000111000
001101110011011010011110
001101110011011001100000
001101110011011011010110
001101110011011000000011
001101110011010111101000
001101110011010110010010
001101110011010110111011
001101110011010111011101
001101110011010110100001
001101110011010110110000
001101110011011000000010
001101110011010111100111
001101110011011000110000
001101110011011000100001
001101110011010111111011
001101110011010110110010
001101110011010111111100
001101110011010101000000
001101110011010110000101
001101110011010101100011
001101110011010101100100
001101110011010101100110
001101110011011000001110
001101110011010111001111
001101110011010111101011
001101110011010111000110
001101110011010110001100
001101110011011001001011
001101110011011001011010
001101110011010111100001
001101110011011001010101
001101110011011100111111
001101110011011000010010
001101110011010111110000
001101110011010111001010
001101110011010110111100
001101110011010111111100
001101110011010111110000
001101110011011001111111
001101110011011001010101
001101110011011000010100
001101110011011010111011
001101110011010111110101
001101110011010111111010
001101110011010110110110
001101110011011000101010
001101110011011010011011
001101110011010111111010
001101110011011001111000
001101110011011000010100
001101110011011001100000
001101110011011010101111
001101110011011000001000
001101110011010111010011
001101110011011001100101
001101110011011000011111
001101110011010111101001
001101110011010100111111
001101110011011010100001
001101110011010111001001
001101110011011000011110
001101110011011000110101
001101110011010110110010
001101110011010110011011
001101110011010111110101
001101110011010110110110
001101110011011001010111
001101110011010100001011
001101110011010100000000
001101110011011001110110
001101110011010110011100
001101110011010101010111
001101110011010110101010
001101110011011010111101
001101110011010110100001
001101110011010111101111
001101110011011011000101
001101110011010111000010
001101110011011000011100
001101110011011000111010
001101110011010111100011
001101110011011001100000
001101110011010110101110
001101110011010100000111
001101110011011001101000
001101110011010111011111
001101110011010110011100
001101110011011001001011
001101110011011000100110
001101110011011000110110
001101110011010110101100
001101110011010111011011
001101110011011001010110
001101110011011001111101
001101110011011000101110
001101110011010111100001
001101110011011001010101
001101110011011000001111
001101110011010111010010
001101110011010110000101
001101110011011000000000
001101110011011010100101
001101110011010100111101
001101110011011000111010
001101110011011000100010
001101110011011000100111
001101110011010101110101
001101110011011000001100
001101110011011001110111
001101110011011001101000
001101110011011010001001
001101110011011000111100
001101110011011000100001
001101110011011000111000
001101110011011010000010
001101110011011011001000
001101110011010111111110
001101110011010101111111
001101110011011001000100
001101110011011001011010
001101110011010111101011
001101110011011011000011
001101110011011010100110
001101110011010111110110
001101110011010111010010
001101110011011001101110
001101110011010111000111
001101110011011001011111
001101110011010111000110
001101110011011001001100
001101110011011000000000
001101110011010111000001
001101110011010110100001
001101110011011000100101
001101110011011001111010
001101110011010110000000
001101110011011010010111
001101110011011001111010
001101110011011000001010
001101110011010111011100
001101110011010111011010
001101110011011000011000
001101110011011001010100
001101110011010111111001
001101110011011011011010
001101110011011001100110
001101110011011000110011
001101110011010111110111
001101110011010110100101
001101110011010110110001
001101110011011010010101
001101110011011001001000
001101110011011010100111
001101110011010110111010
001101110011011001001001
001101110011010111101111
001101110011011001100001
001101110011011001110111
001101110011010110111111
001101110011010110111011
001101110011010101111000
001101110011011001011010
001101110011010111000111
001101110011011010101000
001101110011011000010101
001101110011011010010010
001101110011010111010001
001101110011010111110010
001101110011011000111100
001101110011011010000010
001101110011011010011100
001101110011011000010000
001101110011011000000010
001101110011010100110100
001101110011011001100000
001101110011011011100001
001101110011011000010100
001101110011011010010001
001101110011011010011101
001101110011011010100000
001101110011011000010011
001101110011010110111001
001101110011010110100110
001101110011010111111011
001101110011011001111100
001101110011010110111000
001101110011011001000101
001101110011010111111111
001101110011011011100000
001101110011010111000111
001101110011011000101011
001101110011010110111010
001101110011010110011000
001101110011011010110001
001101110011010110001101
001101110011011011010011
001101110011011000100111
001101110011010101111000
001101110011011001001011
001101110011011010001111
001101110011011010101010
001101110011011000111110
001101110011011001010000
001101110011011001100001
001101110011011000010001
001100110011010101011010
001100100100111111111100
001100011000111110111111
001100001110110110110011
001100000110010100111011
001011111111001111110110
001011111001010001101001
001011110100010011010001
001011110000000100100101
001011101100100011110110
001011101001100110100011
001011100111000011011000
001011100100111011010011
001011100011001000110000
001011100001101001111011
001011100000010110011010
001011011111010001011000
001011011110010101000111
001011011101011110000010
001011011100110100001000
001011011100010000101011
001011011011110001011000
001011011011000010101100
001011011010011010110101
001011011001110001100010
001011011001001110011110
001011011000101001100100
001011011000000110101011
001011010111101001100001
001011010111001001100011
001011010110101101110101
001011010110001110100011
001011010101110100100001
001011010101011010110110
001011010100111100110101
001011010100100010111101
001011010100000111111001
001011010011110001100111
001011010011010100011110
001011010010110111110000
001011010010011111111010
001011010010001001010011
001011010001110000101110
001011010001010110111011
001011010000111101011001
001011010000100100010111
001011010000001100000110
001011001111110100010010
001011001111011000000001
001011001110111100011101
001011001110100101011100
001011001110001101001001
001011001101110100100010
001011001101011111001111
001011001101000101001000
001011001100101010000001
001011001100010011110001
001011001011111011000010
001011001011100100001000
001011001011001010101101
001011001010101111010101
001011001010010101111000
001011001001111100111101
001011001001100110011011
001011001001010000111001
001011001000110101110110
001011001000011010001101
001011001000000001110011
001011000111101100001111
001011000111010100001111
001011000110111000001001
001011000110100011000000
001011000110001001000100
001011000101101111101000
001011000101010110111100
001011000101000010010100
001011000100101001100000
001011000100001110010101
001011000011111000011111
001011000011011110001101
001011000011000110110010
001011000010101101101101
001011000010010111011101
001011000001111011011100
001011000001100011000001
001011000001001011011010
001011000000110001010101
001100000000011000111011
001100001110101011010011
001100011010100111101100
001100100100100110000110
001100101100111011100101
001100110011111010100100
001100111001101101011111
001100111110101000001011
001101000010101010100011
001101000110000110100010
001101001000111101010001
001101001011010010101111
001101001101010100101011
001101001110111110110011
001101010000011000110011
001101010001100000001001
001101010010100001010000
001101010011010011101100
001101010011111111011110
001101010100100001110001
001101010101000000100110
001101010101011100000001
001101010101101110110001
001101010110000001001001
001101010110010010111110
001101010110011011110010
001101010110100111010010
001101010110101111110011
001101010110110101101011
001101010110111011101001
001101010111000001000001
001101010111000101100111
001101010111001010011010
001101010111001100111111
001101010111001111110001
001101010111001110110100
001101010111010011010000
001101010111010101001000
001101010111010100101101
001101010111010111111110
001101010111010101111001
001101010111011000001000
001101010111010111000010
001101010111011001110000
001101010111011001011111
001101010111010111000110
001101010111011001111111
001101010111011000100000
001101010111011010110110
001101010111011010100111
001101010111011011011110
001101010111011011110100
001101010111011100111101
001101010111011011000111
001101010111011000001111
001101010111011100001110
001101010111011010101110
001101010111011001001011
001101010111011010100100
001101010111011100100010
001101010111011100001100
001101010111011001001111
001101010111011010111111
001101010111011110011101
001101010111011001010110
001101010111011001101000
001101010111011101010111
001101010111011011111000
001101010111011010100110
001101010111011010010011
001101010111011011111011
001101010111011001111110
001101010111011011100111
001101010111011010111001
001101010111011010101110
001101010111011000110010
001101010111011010010110
001101010111011100000101
001101010111011100001001
001101010111011011111101
001101010111011001011100
001101010111011011001011
001101010111011100010010
001101010111011110110101
001101010111011001011011
001101010111011101100100
001101010111011001010111
001101010111011010111000
001101010111011001001000
001101010111011001101001
001101010111011001000010
001101010111011001111101
001101010111011100101000
001101010111011011101001
001101010111011100110110
001101010111011011111011
001101010111011000011001
001101010111011100100111
001101010111011010010110
001101010111011011110110
001101010111011010110111
001101010111011100110100
001101010111011110000110
001101010111010111100000
001101010111011101000000
001101010111011011011100
001101010111011010101101
001101010111011101000011
001101010111011010111101
001101010111011010101010
001101010111011100001101
001101010111011010001001
001101010111011000001000
001101010111011001100010
001101010111011010011001
001101010111011001100000
001101010111011011000100
001101010111011100100010
001101010111010110111100
001101010111011010000100
001101010111011001100101
001101010111011010101011
001101010111011010001011
001101010111011011011011
001101010111011010001110
001101010111011011000011
001101010111011011100001
001101010111010101010011
001101010111011000011010
001101010111011010011000
001101010111011001110001
001101010111011100010000
001101010111011100011010
001101010111011010001111
001101010111011000011001
001101010111011010010000
001101010111011010100100
001101010111011011110000
001101010111011100110111
001101010111011010000010
001101010111011001101111
001101010111011010111100
001101010111011001100010
001101010111011011000000
001101010111011101110000
001101010111011011100101
001101010111011001100001
001101010111011000100111
001101010111011001011011
001101010111011101110000
001101010111011011100000
001101010111010110000001
001101010111011010010001
001101010111011011010101
001101010111011011000110
001101010111011010011000
001101010111011011111010
001101010111011010011000
001101010111011000110011
001101010111011011010101
001101010111011101001100
001101010111011001101111
001101010111011011011000
001101010111011001101111
001101010111011001000100
001101010111011000100111
001101010111011000001010
001101010111011010101001
001101010111011100011110
001101010111010111111101
001101010111011100100100
001101010111011001010111
001101010111011000000000
001101010111011000000001
001101010111011000101101
001101010111011010010101
001101010111011001110010
001101010111011000100111
001101010111011001101001
001101010111011001110101
001101010111011001101011
001101010111011011101011
001101010111011000011101
001101010111011000101011
001101010111011011101011
001101010111011011010001
001101010111010111110011
001101010111010101011111
001101010111011000011111
001101010111011010111011
001101010111011001111100
001101010111011001100011
001101010111011001011110
001101010111011100110001
001101010111011001111111
001101010111011010011011
001101010111011010011000
001101010111011001111000
001101010111011010100110
001101010111011010001011
001101010111011100001100
001101010111010111101100
001101010111011000011100
001101010111011011000100
001101010111011000100110
001101010111010111101111
001101010111011011001110
001101010111011011010110
001101010111011010010001
001101010111011000111100
001101010111011100001001
001101010111010111010100
001101010111011010111100
001101010111011001110010
001101010111011100000100
001101010111011010110000
001101010111011001001100
001101010111011010010000
001101010111011001000010
001101010111011010110011
001101010111011010100011
001101010111011010000101
001101010111010111000000
001101010111011010011111
001101010111010111111010
001101010111011011100000
001101010111011000111010
001101010111011010011111
001101010111011001000110
001101010111010111000010
001101010111011100101001
001101010111011100001001
001101010111011010011111
001101010111011010100111
001101010111011011001000
001101010111011001101100
001101010111011010001010
001101010111011010010101
001101010111011011010011
001101010111011010100010
001101010111011010010010
001101010111011010001010
001101010111011001111110
001101010111011100011110
001101010111011100000111
001101010111011000010101
001101010111011000101110
001101010111011100110010
001101010111011010110010
001101010111011011101111
001101010111010111010111
001101010111011000111100
001101010111011000000000
001101010111011010000010
001101010111011010010100
001101010111011000101110
001101010111010111100110
001101010111011001101001
001101010111010111111010
001101010111011010101010
001101010111011001011011
001101010111011001100000
001101010111011010111011
001100010111011000000001
001100001000110000100111
001011111100011010100011
001011110010000011110000
001011101001010100101010
001011100001111100101100
001011011011110000011011
001011010110011100011100
001011010010000001100000
001011001110010000001101
001011001011000000100101
001011001000001110100000
001011000101111001100100
001011000011111000101011
001011000010000101001010
001011000000100001001001
001010111111001111100111
001010111110000000101101
001010111100111000010000
001010111011111100101010
001010111011000101110110
001010111010010010011101
001010111001101001110100
001010111000111011100001
001010111000010100110100
001010110111110001111010
001010110111001111010111
001010110110101011101001
001010110110001110010011
001010110101101100000001
001010110101010000101111
001010110100110010101000
001010110100011001001101
001010110011111001100011
001010110011100001111111
001010110011000011011111
001010110010101011010100
001010110010010010000001
001010110001111010100011
001010110001100000110000
001010110001000011111111
001010110000101011000010
001010110000010011011110
001010101111111100001101
001010101111100001000011
001010101111000110111000
001010101110110000001000
001010101110011000010000
001010101101111100111101
001010101101100010011111
001010101101001010110010
001010101100101111110010
001010101100011000001000
001010101100000010110101
001010101011100111001111
001010101011001101111001
001010101010110110110010
001010101010011101001000
001010101010000111001111
001010101001101110010100
001010101001010011000011
001010101000111011001110
001010101000100001101111
001010101000001001101010
001010100111101111111111
001010100111011011101111
001010100111000010111011
001010100110100111101000
001010100110010000100010
001010100101111001011000
001010100101011110111010
001010100101001000111100
001010100100101101010011
001010100100010110001000
001010100011111101010000
001010100011100101011000
001010100011001010111100
001010100010110100100111
001010100010011100100111
001010100001111111110100
001010100001101010000011
001010100001001110111100
001010100000110111001110
001010100000100000011110
001010100000000111001101
001010011111101110011010
001010011111011000010110
001011011110111101010001
001011101101001110100110
001011111001001010010001
001100000011001010011011
001100001011100000101111
001100010010011111010011
001100011000010001100100
001100011101001011100010
001100100001010001011111
001100100100101100000100
001100100111100101101101
001100101001111000110110
001100101011111000101000
001100101101100000100001
001100101110111100001110
001100110000000110110010
001100110001000010001110
001100110001111000000111
001100110010100010011100
001100110011001001101110
001100110011100111110010
001100110011111111011011
001100110100010011000000
001100110100100110100001
001100110100110110000010
001100110101000010111001
001100110101001010100010
001100110101010010100111
001100110101011011110001
001100110101100001111101
001100110101100100110101
001100110101101000111011
001100110101101101000001
001100110101101111010000
001100110101101111001110
001100110101110011001110
001100110101110110000001
001100110101110111101000
001100110101111000011001
001100110101111001100111
001100110101111010110000
001100110101111101010011
001100110101111100100000
001100110101111011101101
001100110101111100101000
001100110101111101001111
001100110110000000010001
001100110101111101111000
001100110101111100100101
001100110101111111000110
001100110101111111010100
001100110110000000010001
001100110101111111010001
001100110101111101101001
001100110110000000111100
001100110101111110010001
001100110101111101111101
001100110101111110010000
001100110101111110001101
001100110101111101111111
001100110101111111011110
001100110110000000101101
001100110101111111010001
001100110110000000000111
001100110101111110011011
001100110110000000001111
001100110110000001100001
001100110101111110001100
001100110110000000111001
001100110110000001010100
001100110110000000101100
001100110101111101100010
001100110101111101110010
001100110101111111111111
001100110101111100011101
001100110110000011101101
001100110101111111100011
001100110101111110101111
001100110110000000011010
001100110110000000100000
001100110101111111010010
001100110110000001110011
001100110110000000111100
001100110110000000111110
001100110101111110010101
001100110110000001000011
001100110101111111101100
001100110110000001001011
001100110101111111000100
001100110110000000001111
001100110101111101110001
001100110101111110001001
001100110110000000110001
001100110101111111011101
001100110101111111100000
001100110110000000000001
001100110101111011101100
001100110101111111101001
001100110110000000001010
001100110101111110111110
001100110101111111011100
001100110101111110101100
001100110110000000100001
001100110101111110010000
001100110101111111011100
001100110110000010011100
001100110101111101110011
001100110110000010001011
001100110101111011101011
001100110110000001101010
001100110110000001011111
001100110101111111111010
001100110110000010000100
001100110110000010100111
001100110101111110110101
001100110101111111001101
001100110110000000111100
001100110110000001001000
001100110110000000101111
001100110101111111110011
001100110110000001011101
001100110101111100110101
001100110110000010001011
001100110101111010111010
001100110101111110011011
001100110110000100000111
001100110110000001111110
001100110110000000000101
001100110101111111100111
001100110101111101110110
001100110101111111011011
001100110101111111101001
001100110110000000100010
001100110110000000011000
001100110101111100100010
001100110101111111111101
001100110110000000010011
001100110110000001000110
001100110101111110111010
001100110101111100100100
001100110110000000001101
001100110110000000000011
001100110110000000011101
001100110101111111100101
001100110101111111010011
001100110110000001111110
001100110101111110000100
001100110101111110101010
001100110110000001000000
001100110110000000001011
001100110101111111011111
001100110110000000001111
001100110101111101111100
001100110110000000111001
001100110101111110011000
001100110110000000110011
001100110110000010001100
001100110110000001001010
001100110110000000111011
001100110110000000000100
001100110110000000111111
001100110110000000100110
001100110110000010000001
001100110110000001011010
001100110110000010101111
001100110101111111101100
001100110101111110000011
001100110101111111101001
001100110110000000011001
001100110101111110000000
001100110101111110001110
001100110110000000110000
001100110101111111101010
001100110101111111011101
001100110110000000100100
001100110110000010000001
001100110101111100110001
001100110110000010000000
001100110110000001010011
001100110101111101001111
001100110101111110000111
001100110101111111010110
001100110101111100101001
001100110101111110011111
001100110101111100101010
001100110110000001101001
001100110101111111100100
001100110101111110111111
001100110110000010000100
001100110110000001001001
001100110101111111010011
001100110101111110010111
001100110101111110000101
001100110110000000001111
001100110101111110010101
001100110110000001001101
001100110101111011101010
001100110110000001000000
001100110101111110000011
001100110101111110111101
001100110101111100110010
001100110101111100111111
001100110110000001111100
001100110101111110110011
001100110101111111101101
001100110101111111010001
001100110110000000010110
001100110101111111011100
001100110101111111100100
001100110101111110001101
001100110101111101000001
001100110110000000110010
001100110101111111101101
001100110101111101111100
001100110101111110111010
001100110101111111001101
001100110101111101100011
001100110101111110100100
001100110110000001000110
001100110110000001011101
001100110101111101001101
001100110101111110110001
001100110101111111001000
001100110101111111101001
001100110110000000011000
001100110101111110011000
001100110101111111100111
001100110110000001110000
001100110101111110010110
001100110101111111010000
001100110101111101000001
001100110101111110011101
001100110101111111101101
001100110101111110100100
001100110110000001100001
001100110101111111011111
001100110110000000110111
001100110101111111101011
001100110101111111101001
001100110110000100110001
001100110101111101001101
001100110110000000110100
001100110101111110100100
001100110101111111010110
001100110101111110011101
001100110110000001011001
001100110101111101101001
001100110110000001001000
001100110101111111010000
001100110101111110111101
001100110110000001100001
001100110101111101100111
001100110110000000000000
001100110101111110010001
001100110101111101111110
001100110110000000110000
001100110110000001000111
001100110110000001010001
001100110110000001001110
001100110101111110101001
001100110110000001101001
001100110110000000101011
001100110101111101010010
001011110110000000001001
001011100111010100000001
001011011010111111000011
001011010000101001000111
001011000111111001001000
001011000000100010001001
001010111010010010111001
001010110101000110100100
001010110000100110000100
001010101100110101110001
001010101001100111001000
001010100110110111110010
001010100100011111100110
001010100010011001101100
001010100000101000100011
001010011111001000001010
001010011101110001111110
001010011100100011001001
001010011011100001000001
001010011010100000010111
001010011001101100000010
001010011000111010100101
001010011000001001110110
001010010111100001010101
001010010110111001010011
001010010110011000000110
001010010101110100010111
001010010101010000001001
001010010100110001101000
001010010100010001111111
001010010011110001101000
001010010011011000001000
001010010010111010111000
001010010010100011110100
001010010010000110011011
001010010001101101010100
001010010001001111111100
001010010000110100001001
001010010000011010110010
001010010000000001111111
001010001111101010100001
001010001111001101011000
001010001110111001001011
001010001110100001101101
001010001110000101110011
001010001101101100001101
001010001101010011111100
001010001100111010100111
001010001100100001110000
001010001100000111111000
001010001011110000101100
001010001011011000011111
001010001010111111101111
001010001010100100001010
001010001010001100010011
001010001001110101100000
001010001001011010001100
001010001001000101011100
001010001000101010001001
001010001000010010111110
001010000111111010010010
001010000111100011000011
001010000111001010010110
001010000110101101000110
001010000110010111000001
001010000110000000011010
001010000101100100110000
001010000101001111110000
001010000100110111110010
001010000100100000001111
001010000100000001110101
001010000011101001100001
001010000011010100011100
001010000010111011011011
001010000010100000001001
001010000010000110100001
001010000001110001001011
001010000001011000100110
001010000001000001010011
001010000000101010101011
001010000000001111011000
001001111111110111111001
001001111111011111111111
001001111111000111011110
001001111110101100101100
001001111110010011000001
001001111101111001110011
001010111101100010100011
001011001011110010111100
001011010111101110000001
001011100001110000000000
001011101010000101110011
001011110001000100101010
001011110110111010101110
001011111011101101100010
001011111111110110001011
001100000011001111010010
001100000110000101001010
001100001000011110111001
001100001010011101111110
001100001100000101110011
001100001101100001101011
001100001110101100000001
001100001111100111111100
001100010000011001110100
001100010001001001001101
001100010001101010101001
001100010010001100000100
001100010010100011011110
001100010010111001011001
001100010011001010111001
001100010011011010010100
001100010011101000111101
001100010011110001000011
001100010011110101110110
001100010100000000000100
001100010100000100001100
001100010100001011010111
001100010100001110100001
001100010100010101100110
001100010100010111110011
001100010100010111010111
001100010100011101010011
001100010100011110100001
001100010100100000010111
001100010100100010011101
001100010100100001001100
001100010100100010011111
001100010100100001001000
001100010100100000011101
001100010100100010101100
001100010100100001100100
001100010100100011011101
001100010100100100001000
001100010100100011111001
001100010100100101111111
001100010100100011110010
001100010100100100001010
001100010100100011101010
001100010100100110111100
001100010100100100111110
001100010100100110100011
001100010100101000010011
001100010100100101110010
001100010100100101110101
001100010100100110100101
001100010100100101011001
001100010100100111100110
001100010100100011110000
001100010100100100001111
001100010100100101011111
001100010100100011001100
001100010100100011010010
001100010100100010111000
001100010100100011111100
001100010100100101110111
001100010100100110011110
001100010100101001000110
001100010100100010110111
001100010100100111001011
001100010100100011100010
001100010100100101101010
001100010100100101100110
001100010100100111000110
001100010100100111101001
001100010100101000001000
001100010100100111001011
001100010100100100110000
001100010100100011010110
001100010100100100001100
001100010100100011011011
001100010100100100010110
001100010100100001101011
001100010100100100100111
001100010100100110010001
001100010100100100110100
001100010100101000000111
001100010100100100111100
001100010100100010111111
001100010100100101010010
001100010100100111000110
001100010100100101010110
001100010100100100111111
001100010100100110000000
001100010100100011000111
001100010100100011110000
001100010100100100011100
001100010100100110100101
001100010100100101000111
001100010100101001101011
001100010100101001001001
001100010100100110010000
001100010100100101110000
001100010100100001001000
001100010100100101001000
001100010100100110011111
001100010100100101100111
001100010100101001000001
001100010100101001011111
001100010100100011101101
001100010100100111100001
001100010100100111011100
001100010100100001111110
001100010100100011111100
001100010100100100011010
001100010100100110110011
001100010100100110100101
001100010100100100010010
001100010100100101011010
001100010100100110110000
001100010100100101111110
001100010100100010010001
001100010100100101111101
001100010100100111110000
001100010100100011100000
001100010100100010100001
001100010100100100010000
001100010100100110011110
001100010100100100110010
001100010100100101110001
001100010100100100111001
001100010100101000000110
001100010100100101010111
001100010100100101000110
001100010100100111100010
001100010100100101011001
001100010100100100000001
001100010100100111110001
001100010100100000110101
001100010100100110100101
001100010100100011000111
001100010100101000101001
001100010100100100010000
001100010100100110111111
001100010100100100000000
001100010100100101011101
001100010100100101100001
001100010100100101100000
001100010100100101011110
001100010100100101001101
001100010100100101100000
001100010100100101000010
001100010100100011111111
001100010100100110011101
001100010100100100111101
001100010100100011111001
001100010100100010110001
001100010100100010111100
001100010100100100101101
001100010100101001010110
001100010100100110110111
001100010100100101000011
001100010100100110011110
001100010100100101001111
001100010100100011011011
001100010100100101100100
001100010100100111011100
001100010100100011101100
001100010100100011111001
001100010100100101000110
001100010100100010011001
001100010100100101010101
001100010100100101101100
001100010100100111111101
001100010100100101010001
001100010100100110011011
001100010100100110100000
001100010100100101100101
001100010100100111011100
001100010100100110010001
001100010100100011110110
001100010100100100110011
001100010100101001100101
001100010100100101000110
001100010100100111001000
001100010100100110100001
001100010100100101010111
001100010100100110111100
001100010100100111110001
001100010100100101100010
001100010100100101100010
001100010100100010100000
001100010100100110110010
001100010100100101101011
001100010100100110110111
001100010100100111100010
001100010100100111000100
001100010100101000101011
001100010100100100111101
001100010100100011011111
001100010100100110000001
001100010100100101110100
001100010100100110011111
001100010100100111010100
001100010100100100100110
001100010100100100000010
001100010100100011010001
001100010100100101000010
001100010100100111010011
001100010100100011111001
001100010100101000000110
001100010100100110000110
001100010100100100010001
001100010100100111100110
001100010100100110110100
001100010100100101001011
001100010100100111010010
001100010100100111011111
001100010100100110111101
001100010100100110111000
001100010100101010011100
001100010100100101110000
001100010100100110011000
001100010100100100011001
001100010100100101111110
001100010100101000111101
001100010100100100111100
001100010100100010100011
001100010100100110101101
001100010100100111001110
001100010100100101101100
001100010100101000000010
001100010100100101010100
001100010100100110010011
001100010100100101001001
001100010100101000010010
001100010100100110110101
001100010100100100010010
001100010100100101110101
001100010100101000100100
001100010100100111000001
001100010100100101110101
001100010100100101101111
001100010100100010011001
001100010100100101100011
001100010100100100100100
001100010100100101111100
001100010100100101110001
001100010100100101111111
001100010100100011010001
001100010100100100110000
001100010100101000101100
001100010100100101110010
001100010100100101100101
001100010100100101001011
001100010100100100001000
001100010100100101110011
001100010100100101100110
001100010100100100110011
001100010100101001001111
001011010100100100010000
001011000101111101110001
001010111001100100110110
001010101111010000011010
001010100110100000111100
001010011111001010010111
001010011000111010101101
001010010011101011000001
001010001111001110011101
001010001011011011111111
001010001000001100011110
001010000101011011110000
001010000011000010101110
001010000001000010000101
001001111111001111110101
001001111101101110011111
001001111100010100000010
001001111011000111101011
001001111010000011100011
001001111001001000111111
001001111000010001010001
001001110111100000011001
001001110110101111010000
001001110110000111010000
001001110101100001010001
001001110100111100110100
001001110100011000000011
001001110011111001100011
001001110011011000110101
001001110010111001111100
001001110010011001101001
001001110001111101001001
001001110001100000111001
001001110001000100011010
001001110000101001101101
001001110000001111001101
001001101111111000110101
001001101111011011110000
001001101111000100010011
001001101110101010101010
001001101110001110111100
001001101101111001000001
001001101101011100101010
001001101101000100001101
001001101100101011011010
001001101100001110111111
001001101011111000000111
001001101011100001101111
001001101011000111101100
001001101010110001111010
001001101010010100000000
001001101001111110100110
001001101001100100110101
001001101001010000011100
001001101000110011100000
001001101000011011100010
001001101000000100001000
001001100111101011101010
001001100111010000111110
001001100110111000000011
001001100110011111010011
001001100110000110101111
001001100101101011101001
001001100101011000111011
001001100100111101011010
001001100100100100101000
001001100100001011010010
001001100011110011001000
001001100011011010101110
001001100011000010110011
001001100010101011001011
001001100010010011001000
001001100001111010010000
001001100001100001101010
001001100001000101011010
001001100000101100100000
001001100000011000100010
001001011111111100110111
001001011111100011011111
001001011111001101110101
001001011110110100000010
001001011110011001100010
001001011110000100101000
001001011101100110101110
001001011101010010000111
001001011100110011111100
001001011100100001010001
001010011100001001001100
001010101010011011000000
001010110110010100101011
001011000000010110001101
001011001000101010001110
001011001111100101011110
001011010101011010110110
001011011010010100011111
001011011110011100001111
001011100001110101000101
001011100100100101110111
001011100111000010100101
001011101000111111110100
001011101010100111111110
001011101100000101100111
001011101101010000100111
001011101110001110011111
001011101111000000010010
001011101111101111000001
001011110000001111101001
001011110000110001011011
001011110001001001101100
001011110001011110101011
001011110001110010010000
001011110001111110110001
001011110010001010111011
001011110010010101000110
001011110010011101110010
001011110010100100010010
001011110010101010111101
001011110010110001100100
001011110010110010110110
001011110010111001111100
001011110010111010001011
001011110010111010010110
001011110011000000010011
001011110011000000000000
001011110011000011011001
001011110011000100010011
001011110011000100011011
001011110011000110010011
001011110011000101000101
001011110011001000110010
001011110011001001011101
001011110011000110011100
001011110011000111001100
001011110011001010010001
001011110011001010010011
001011110011001000011110
001011110011001011001001
001011110011001010000100
001011110011001001001101
001011110011001100000010
001011110011001010001100
001011110011001000110011
001011110011001001000001
001011110011001010011001
001011110011001001000101
001011110011001001101000
001011110011001010011000
001011110011000111010111
001011110011001011101110
001011110011001011000110
001011110011001011000110
001011110011001010110110
001011110011001100001100
001011110011001011010000
001011110011001010111011
001011110011001001000110
001011110011001010100101
001011110011000111011110
001011110011001000101010
001011110011001000000111
001011110011001101101011
001011110011000111110111
001011110011001001001011
001011110011001100101001
001011110011001000111111
001011110011001001100011
001011110011001001110000
001011110011001010010001
001011110011001000101111
001011110011001010110100
001011110011001000011000
001011110011001000010111
001011110011001010010101
001011110011001011001101
001011110011001011110111
001011110011001001100010
001011110011001001000011
001011110011001010010001
001011110011001100110100
001011110011001000011000
001011110011001001011001
001011110011001001110110
001011110011000110010111
001011110011000111111100
001011110011001010010101
001011110011000111110001
001011110011001001010101
001011110011001010010111
001011110011001100100010
001011110011001010101100
001011110011001010110110
001011110011001001010001
001011110011001011001000
001011110011001011100111
001011110011001011010001
001011110011001011001000
001011110011001010010010
001011110011001010001010
001011110011001010101101
001011110011001010100111
001011110011001001111100
001011110011000111011100
001011110011001010100101
001011110011001001001000
001011110011001000011111
001011110011001010111010
001011110011001010111111
001011110011000101011100
001011110011001010000110
001011110011001010100100
001011110011001000011100
001011110011001010000001
001011110011001100000101
001011110011001001000001
001011110011001011010010
001011110011001000011110
001011110011001100001100
001011110011001011101000
001011110011000110111111
001011110011001100100101
001011110011001011010111
001011110011001011001000
001011110011001001011101
001011110011001010111110
001011110011001010101011
001011110011001011001010
001011110011001101000100
001011110011001001001111
001011110011001001111001
001011110011001000000101
001011110011001001111111
001011110011001101001001
001011110011001010000100
001011110011001001010111
001011110011001001000011
001011110011001010011011
001011110011001010111100
001011110011001011001101
001011110011001010001000
