011000111111111111111111
011000111111111111111110
011000111111111111111110
011000111111111111111110
011000111111111111111110
011000111111111111111110
011000111111111111111101
011000111111111111111100
011000111111111111111011
011000111111111111111010
011000111111111111111010
011000111111111111111001
011000110111011110011100
011000101110010101011100
011000100101010010100001
011000011100001100100100
011000010011000111001110
011000001010000001100010
011000000000111011110111
010111110111110110001000
010111110110011100111101
010111110110001111100011
010111110110001011001111
010111110110001001101011
010111110110001000001011
010111110110000110101110
010111110110000101001111
010111110110000011101101
010111110110000010001000
010111110110000000100010
010111110101111110111010
010111110101111101010010
010111110101111011100111
010111110101111001110111
010111110101111000001001
010111110101110110011011
010111110101110100100110
010111110101110010110001
010111110101110000111000
010111110101101110111011
010111110101101101000001
010111110101101011000111
010111110101101001000110
010111110101100111000110
010111110101100101000100
010111110101100010111101
010111110101100000111100
010111101110001000011111
010111100100111010101111
010111011011111000100001
010111010010110001100111
010111001001101011110110
010111000000100101100110
010110110111011111011001
010110101110011001000111
010110101100100011010111
010110101100010001111100
010110101100001100010101
010110101100001010001111
010110101100001000001111
010110101100000110011011
010110101100000100100101
010110101100000010100110
010110101100000000101000
010110101011111110101111
010110101011111100110010
010110101011111010110100
010110101011111000110011
010110101011110110110000
010110101011110100101110
010110101011110010101010
010110101011110000100010
010110101011101110011101
010110101011101100010111
010110101011101010010000
010110101011101000000111
010110101011100101110111
010110101011100011101001
010110101011100001011011
010110101011011111001010
010110101011011100111000
010110101011011010100100
010110100011111010010011
010110011010100111011011
010110010001100101001010
010110001000011011010010
010101111111010011000101
010101110110001010001110
010101101101000001101000
010101100011111000111010
010101100001000010011100
010101100000100110111011
010101100000011101100110
010101100000011001100000
010101100000010101100111
010101100000010001111111
010101100000001110011110
010101100000001010111000
010101100000000111001101
010101100000000011100011
010101011111111111111001
010101011111111100001110
010101011111111000011111
010101011111110100110110
010101011111110001001001
010101011111101101011011
010101011111101001101011
010101011111100101111100
010101011111100010001011
010101011111011110010101
010101011111011010100101
010101011111010110110011
010101011111010010111111
010101011111001111001110
010101011111001011011010
010101011111000111100011
010101011111000011101100
010101011000000001001000
010101001110101000110110
010101000101100110001011
010100111100011001100101
010100110011001111001110
010100101010000100001001
010100100000111001010110
010100010111101110011111
010100010100000111011100
010100010011100100001001
010100010011010111110000
010100010011010010000101
010100010011001100101011
010100010011000111100111
010100010011000010100011
010100010010111101100100
010100010010111000100001
010100010010110011011111
010100010010101110100110
010100010010101001011101
010100010010100100011010
010100010010011111100010
010100010010011010100010
010100010010010101100001
010100010010010000100011
010100010010001011100100
010100010010000110101000
010100010010000001101100
010100010001111100101101
010100010001110111110101
010100010001110010110111
010100010001101101111111
010100010001101001001010
010100010001100100001111
010100010001011111011101
010100001010110001011111
010100000001010101010100
010011111000010010001011
010011101111000011101100
010011100101110111110101
010011011100101011000111
010011010011011110101000
010011001010010010000101
010011000110001001000110
010011000101100000100010
010011000101010010001101
010011000101001011011111
010011000101000101001001
010011000100111111001010
010011000100111001001010
010011000100110011001110
010011000100101101001111
010011000100100111010111
010011000100100001100011
010011000100011011110100
010011000100010101111111
010011000100010000001001
010011000100001010011001
010011000100000100100010
010011000011111110101101
010011000011111001000010
010011000011110011011001
010011000011101101101000
010011000011100111111010
010011000011100010010100
010011000011011100101010
010011000011010111000100
010011000011010001100011
010011000011001100000100
010011000011000110100011
010010111100100110001111
010010110011000111101001
010010101010000100010110
010010100000110100100111
010010010111100111110101
010010001110011010001001
010010000101001100110100
010001111011111111010011
010001110111100000010101
010001110110110100011000
010001110110100100110101
010001110110011101100010
010001110110010110101001
010001110110010000001011
010001110110001001101010
010001110110000011001111
010001110101111100110111
010001110101110110100100
010001110101110000010011
010001110101101010000010
010001110101100011101000
010001110101011101010111
010001110101010111010000
010001110101010001001010
010001110101001011000100
010001110101000101000010
010001110100111111000101
010001110100111001000011
010001110100110011000111
010001110100101101001100
010001110100100111011000
010001110100100001100101
010001110100011011101011
010001110100010101110011
010001110100001111111110
010001101101111000011110
010001100100011000010011
010001011011010100111010
010001010010000100011101
010001001000110111000110
010000111111101000110110
010000110110011010110110
010000101101001100110110
010000101000100000011100
010000100111110010011100
010000100111100010001110
010000100111011010101010
010000100111010011100101
010000100111001100110101
010000100111000110001100
010000100110111111100110
010000100110111000111111
010000100110110010011011
010000100110101011111110
010000100110100101011100
010000100110011111000110
010000100110011000110101
010000100110010010100010
010000100110001100001100
010000100110000101110111
010000100101111111101011
010000100101111001011100
010000100101110011010000
010000100101101101000111
010000100101100110111100
010000100101100000111001
010000100101011010111010
010000100101010101000100
010000100101001111001101
010000100101001001010011
010000011110110111011100
010000010101010110100011
010000001100010011010111
010000000011000010101010
001111111001110101000101
001111110000100110011100
001111100111011000010000
001111011110001010000000
001111011001010101010010
001111011000100110001101
001111011000010101101100
001111011000001110001001
001111011000000111000001
001111011000000000010110
001111010111111001101110
001111010111110011001100
001111010111101100101111
001111010111100110010101
001111010111011111111011
001111010111011001011110
001111010111010011000110
001111010111001100101111
001111010111000110011000
001111010111000000000110
001111010110111010000000
001111010110110011111001
001111010110101101101101
001111010110100111100001
001111010110100001011001
001111010110011011010100
001111010110010101001111
001111010110001111010010
001111010110001001010011
001111010110000011011011
001111010101111101011111
001111001111101110110011
001111000110001101011100
001110111101001010011000
001110110011111001100110
001110101010101011111101
001110100001011101010110
001110011000001111001110
001110001111000001000010
001110001010000111001111
001110001001010111100000
001110001001000110111000
001110001000111111010011
001110001000111000001010
001110001000110001100101
001110001000101010111111
001110001000100100011011
001110001000011101111011
001110001000010111100001
001110001000010001001100
001110001000001010111001
001110001000000100100101
001110000111111110011101
001110000111111000010001
001110000111110010000000
001110000111101011110110
001110000111100101110111
001110000111011111110010
001110000111011001110001
001110000111010011101110
001110000111001101110001
001110000111000111110111
001110000111000001111110
001110000110111100010100
001110000110110110101110
001110000110110001000011
001110000000100100110000
001101110111000011011010
001101101110000000011110
001101100100101111101101
001101011011100010001110
001101010010010011100111
001101001001000101011101
001100111111110111010101
001100111010111011001001
001100111010001011010011
001100111001111010110101
001100111001110011011100
001100111001101100100011
001100111001100110000101
001100111001011111100010
001100111001011001010000
001100111001010011000000
001100111001001100100011
001100111001000110010101
001100111001000000001001
001100111000111001110111
001100111000110011101010
001100111000101101101100
001100111000100111101010
001100111000100001101000
001100111000011011101100
001100111000010101100110
001100111000001111110000
001100111000001001111100
001100111000000100000110
001100110111111110010000
001100110111111000011000
001100110111110010100110
001100110111101101000010
001100110111100111011011
001100110001011100001101
001100100111111010101101
001100011110110111111011
001100010101100111001110
001100001100011001110010
001100000011001011011001
001011111001111101010001
001011110000101111001001
001011101011110000111101
001011101011000001000001
001011101010110000100000
001011101010101001001100
001011101010100010010101
001011101010011011111110
001011101010010101100010
001011101010001111001110
001011101010001000111111
001011101010000010110000
001011101001111100110000
001011101001110110110000
001011101001110000101100
001011101001101010101100
001011101001100100110100
001011101001011110110111
001011101001011000111101
001011101001010011000111
001011101001001101010101
001011101001000111101001
001011101001000001111100
001011101000111100010000
001011101000110110011110
001011101000110000101101
001011101000101011001000
001011101000100101100111
001011101000100000001000
001011100010010110000001
001011011000110100101001
001011001111110010000100
001011000110100001011100
001010111101010100000001
001010110100000101100110
001010101010110111101010
001010100001101001101010
001010011100101010100001
001010011011111010100101
001010011011101010010101
001010011011100011010001
001010011011011100100011
001010011011010110010010
001010011011010000000011
001010011011001001110110
001010011011000011101010
001010011010111101011100
001010011010110111011110
001010011010110001101000
001010011010101011100111
001010011010100101101001
001010011010011111110000
001010011010011001101111
001010011010010011111110
001010011010001110010011
001010011010001000101101
001010011010000011000000
001010011001111101010100
001010011001110111101110
001010011001110010010000
001010011001101100110101
001010011001100111011110
001010011001100010000110
001010011001011100110101
001010010011010011001101
001010001001110001101110
001010000000101111010101
001001110111011110110101
001001101110010001100101
001001100101000011011100
001001011011110101100001
001001010010100111101011
001001001101101000001000
001001001100111000001000
001001001100100111110100
001001001100100000110010
001001001100011010001100
001001001100010011111100
001001001100001101111011
001001001100001000000000
001001001100000010000100
001001001011111100000011
001001001011110110000011
001001001011110000001000
001001001011101010001011
001001001011100100010111
001001001011011110100110
001001001011011000110010
001001001011010011000011
001001001011001101100000
001001001011001000000000
001001001011000010011011
001001001010111100111100
001001001010110111011011
001001001010110010000010
001001001010101100101000
001001001010100111001011
001001001010100001110000
001001001010011100011010
001001000100010011000010
001000111010110001110010
001000110001101111011110
001000101000011111001010
001000011111010001111110
001000010110000011101101
001000001100110101110001
001000000011100111110111
000111111110101000001001
000111111101111000001011
000111111101100111111000
000111111101100000110110
000111111101011010011110
000111111101010100010110
000111111101001110001100
000111111101001000010100
000111111101000010010100
000111111100111100011111
000111111100110110100110
000111111100110000101100
000111111100101010101111
000111111100100101000010
000111111100011111011011
000111111100011001101001
000111111100010100000000
000111111100001110011100
000111111100001000110111
000111111100000011010101
000111111011111101111000
000111111011111000011111
000111111011110011000111
000111111011101101110100
000111111011101000011111
000111111011100011001111
000111111011011110000110
000111110101010101000111
000111101011110011111001
000111100010110001100000
000111011001100000111100
000111011000100101100010
000111010111101011000100
000111010110110000110000
000111010101110110100000
000111010100111100001111
000111010100000001111111
000111010011000111110000
000111010010001101100001
000111010001010011010011
000111010000011001000010
000111001111011110110101
000111001110100100100101
000111001101101010010100
000111001100110000000101
000111001011110101110101
000111001010111011100100
000111001010000001010110
000111001001000111000111
000111001000001100110110
000111000111010010100110
000111000110011000010100
000111000101011110000011
000111000100100011110100
000111000011101001100011
000111000010101111010001
000111000001110101000001
000111000000111010110010
000111000000000000100000
000110111111000110001101
000110111110001011111100
000110111101010001101100
000110111100010111011011
000110111011011101001010
000110111010100010110101
000110111001101000100110
000110111000101110010010
000110110111110100000000
000110110110111001110000
000110110101111111011110
000110110101000101001010
000110110100001010111001
000110110011010000101000
000110110010010110010100
000110110001011100000001
000110110000100001101110
000110101111100111011010
000110101110101101000111
000110101110100011001111
000110101110011111100101
000110101110011110000110
000110101110011101011010
000110101110011100111101
000110101110011100100101
000110101110011100010000
000110101110011011111011
000110101110011011101000
000110101110011011010011
000110101110011010111110
000110101110011010101001
000110101110011010010101
000110101110011010000010
000110101110011001101011
000110101110011001010101
000110101110011001000010
000110101110011000101101
000110101110011000011000
000110101110011000000011
000110101110010111101110
000110101110010111010110
000110101110010111000000
000110101110010110101101
000110101110010110011000
000110101110010110000001
000110101110010101101011
000110101110010101010100
000110101110010100111111
000110101110010100101001
000110101110010100010100
000110101110010100000000
000110101110010011101000
000110101110010011010010
000110101110010010111011
000110101110010010100001
000110101110010010001010
000110101110010001110111
000110101110010001011111
000110101110010001001001
000110101110010000110001
000110101110010000011001
000110101110010000000001
000110101110001111100110
000110101110001111010000
000110101110001110111011
000110101110001110100101
000110101110001110001111
000110101110001101110101
000110101110001101011100
000110101110001101000101
000110101110001100101111
000110101110001100010110
000110101110001011111101
000110101110001011100111
000110101110001011001101
000110101110001010110100
000110101110001010011011
000110101110001010000100
000110101110001001101101
000110101110001001010011
000110101110001000111100
000110101110001000100100
000110101110001000001011
000110101110000111110001
000110101110000111011010
000110101110000111000001
000110101110000110100111
000110101110000110001111
000110101110000101110100
000110101110000101011010
000110101110000101000101
000110101110000100100101
000110101110000100001110
000110101110000011110101
000110101110000011011010
000110101110000011000010
000110101110000010100110
000110101110000010001101
000110101110000001110110
000110101110000001011010
000110101110000001000010
000110101110000000101000
000110101110000000001011
000110101101111111110011
000110101101111111011001
000110101101111110111111
000110101101111110100100
000110101101111110001000
000110101101111101101100
000110101101111101010001
000110101101111100110110
000110101101111100011100
000110101101111100000010
000110101101111011100100
000110101101111011001011
000110101101111010110000
000110101101111010010111
000110101101111001111011
000110101101111001011101
000110101101111001000001
000110101101111000100110
000110101101111000001010
000110101101110111101110
000110101101110111010010
000110101101110110110110
000110101101110110011011
000110101101110110000000
000110101101110101100011
000110101101110101001000
000110101101110100101011
000110101101110100001110
000110101101110011110001
000110101101110011010011
000110101101110010111001
000110101101110010011110
000110101101110010000000
000110101101110001100100
000110101101110001000101
000110101101110000101000
000110101101110000001101
000110101101101111110010
000110101101101111010011
000110101101101110111000
000110101101101110011001
000110101101101101111100
000110101101101101100000
000110101101101101000000
000110101101101100100011
000110101101101100000011
000110101101101011101001
000110101101101011001010
000110101101101010101100
000110101101101010010010
000110101101101001110100
000110101101101001010010
000110101101101000110010
000110101101101000010101
000110101101100111111000
000110101101100111011100
000110101101100110111110
000110101101100110100001
000110101101100101111111
000110101101100101100010
000110101101100101000111
000110101101100100101001
000110101101100100001000
000110101101100011100111
000110101101100011001000
000110101101100010101001
000110101101100010001111
000110101101100001101101
000110101101100001001101
000110101101100000101110
000110101101100000010011
000110101101011111110111
000110101101011111010100
000110101101011110110100
000110101101011110010110
000110101101011101111000
000110101101011101011000
000110101101011100110111
000110101101011100011001
000110101101011011111000
000110101101011011011001
000110101101011010111100
000110101101011010011100
000110101101011001111111
000110101101011001011100
000110101101011000111110
000110101101011000011011
000110101101010111111010
000110101101010111011011
000110101101010110111011
000110101101010110100000
000110101101010110000001
000110101101010101011101
000110101101010100111101
000110101101010100011100
000110101101010011111010
000110101101010011011100
000110101101010010111101
000110101101010010011110
000110101101010001111010
000110101101010001011011
000110101101010000111010
000110101101010000011100
000110101101001111111000
000110101101001111010101
000110101101001110110100
000110101101001110010011
000110101101001101110011
000110101101001101010101
000110101101001100110100
000110101101001100010001
000110101101001011110001
000110101101001011001101
000110101101001010101111
000110101101001010010001
000110101101001001101111
000110101101001001001011
000110101101001000101001
000110101101001000001100
000110101101000111101101
000110101101000111001000
000110101101000110100101
000110101101000110000001
000110101101000101100011
000110101101000101000011
000110101101000100011111
000110101101000011111111
000110101101000011011110
000110101101000010111001
000110101101000010010111
000110101101000001110110
000110101101000001010100
000110101101000000110011
000110101101000000010100
000110101100111111110100
000110101100111111001101
000110101100111110101010
000110101100111110001000
000110101100111101100101
000110101100111101000101
000110101100111100100001
000110101100111011111110
000110101100111011011110
000110101100111010111100
000110101100111010011010
000110101100111001110100
000110101100111001001110
000110101100111000101000
000110101100111000000110
000110101100110111100110
000110101100110111000010
000110101100110110100010
000110101100110110000011
000110101100110101011110
000110101100110100111011
000110101100110100011100
000110101100110011111001
000110101100110011010101
000110101100110010101101
000110101100110010001100
000110101100110001101000
000110101100110001000101
000110101100110000011110
000110101100101111111101
000110101100101111011010
000110101100101110111000
000110101100101110011000
000110101100101101110100
000110101100101101010001
000110101100101100101100
000110101100101100000100
000110101100101011100100
000110101100101011000001
000110101100101010100010
000110101100101001111100
000110101100101001010111
000110101100101000110010
000110101100101000001100
000110101100100111101000
000110101100000001111000
000110101011001110011111
000110101010010110011110
000110101001011100110000
000110101000100010011011
000110100111101000000001
000110100110101101011011
000110100101110010110101
000110100100111000011000
000110100011111101101111
000110100011000011001101
000110100010001000101001
000110100001001110000101
000110100000010011011111
000110011111011000111000
000110011110011110010010
000110011101100011101100
000110011100101001000110
000110011011101110100010
000110011010110011111101
000110011001111001010111
000110011000111110110011
000110011000000100001111
000110010111001001100110
000110010110001111000101
000110010101010100011110
000110010100011001111110
000110010011011111011000
000110010010100100110001
000110010001101010001101
000110010000101111100111
000110001111110100111111
000110001110111010011010
000110001101111111110101
000110001101000101010000
000110001100001010101001
000110001011010000001000
000110001010010101100011
000110001001011010111111
000110001000100000010111
000110000111100101110100
000110000110101011001001
000110000101110000100111
000110000100110110000011
000110000011111011011010
000110000011000000110111
000110000010000110011000
000110000001001011101110
000110000000010001001100
000101111111010110100100
000101111110011011111110
000101111101100001011100
000101111100100110110010
000101111011101100001100
000101111010110001100111
000101111001110111000100
000101111000111100011000
000101111000000001110010
000101110111000111001111
000101110110001100101010
000101110101010010000100
000101110100010111011100
000101110011011100110111
000101110010100010001111
000101110001100111101111
000101110000101101001001
000101101111110010100100
000101101110110111111111
000101101101111101011000
000101101101000010101100
000101101100001000000111
000101101011001101100000
000101101010010010111011
000101101001011000010110
000101101000011101110001
000101100111100011001010
000101100110101000101000
000101100101101101111111
000101100100110011011000
000101100011111000110001
000101100010111110001001
000101100010000011100100
000101100001001000111100
000101100000001110010011
000101011111010011101101
000101011110011001001011
000101011101011110100111
000101011101000110011001
000101011100111101100101
000101011100111010000100
000101011100111000100001
000101011100110111101011
000101011100110110111011
000101011100110110010110
000101011100110101110001
000101011100110101001011
000101011100110100100110
000101011100110011111111
000101011100110011010111
000101011100110010101110
000101011100110010001000
000101011100110001100110
000101011100110000111111
000101011100110000011011
000101011100101111110011
000101011100101111001001
000101011100101110101100
000101011100101110001001
000101011100101101100011
000101011100101100111101
000101011100101100010110
000101011100101011110010
000101011100101011001010
000101011100101010011111
000101011100101001111000
000101011100101001010101
000101011100101000110001
000101011100101000001010
000101011100100111100110
000101011100100111000011
000101011100100110011011
000101011100100101110100
000101011100100101001010
000101011100100100101000
000101011100100100000100
000101011100100011011111
000101011100100010111001
000101011100100010001111
000101011100100001110001
000101011100100001001101
000101011100100000101001
000101011100100000000101
000101011100011111011101
000101011100011110110101
000101011100011110001110
000101011100011101101010
000101011100011101000101
000101011100011100100000
000101011100011011111100
000101011100011011010100
000101011100011010110001
000101011100011010001010
000101011100011001100010
000101011100011000111111
000101011100011000011001
000101011100010111110110
000101011100010111010000
000101011100010110101110
000101011100010110000100
000101011100010101011100
000101011100010100110011
000101011100010100001101
000101011100010011100111
000101011100010010111111
000101011100010010011000
000101011100010001110100
000101011100010001001110
000101011100010000101010
000101011100010000000100
000101011100001111011101
000101011100001110110101
000101011100001110010000
000101011100001101100101
000101011100001100111110
000101011100001100010110
000101011100001011101111
000101011100001011001000
000101011100001010100110
000101011100001010000000
000101011100001001011010
000101011100001000110011
000101011100001000001011
000101011100000111101001
000101011100000111000101
000101011100000110011101
000101011100000101111001
000101011100000101011011
000101011100000100110001
000101011100000100001001
000101011100000011100001
000101011100000010111010
000101011100000010010101
000101011100000001101111
000101011100000001001101
000101011100000000101000
000101011100000000000001
000101011011111111011111
000101011011111110110110
000101011011111110001111
000101011011111101100111
000101011011111101000011
000101011011111100100001
000101011011111011111001
000101011011111011010110
000101011011111010101111
000101011011111010001011
000101011011111001101000
000101011011111000111111
000101011011111000010111
000101011011110111110100
000101011011110111001110
000101011011110110100110
000101011011110101111010
000101011011110101011100
000101011011110100110011
000101011011110100001110
000101011011110011101001
000101011011110011000000
000101011011110010011000
000101011011110001110011
000101011011110001001100
000101011011110000101010
000101011011101111111100
000101011011101111010010
000101011011101110110100
000101011011101110001011
000101011011101101100010
000101011011101100111101
000101011011101100011111
000101011011101011110100
000101011011101011001110
000101011011101010101111
000101011011101010000101
000101011011101001100000
000101011011101000111100
000101011011101000010100
000101011011100111110001
000101011011100111000111
000101011011100110011011
000101011011100101111100
000101011011100101010101
000101011011100100101101
000101011011100100001011
000101011011100011100110
000101011011100011000001
000101011011100010011000
000101011011100001110010
000101011011100001010000
000101011011100000101101
000101011011100000000111
000101011011011111011111
000101011011011110111100
000101011011011110010110
000101011011011101101110
000101011011011101000101
000101011011011100100001
000101011011011100000001
000101011011011011010011
000101011011011010110001
000101011011011010001100
000101011011011001100111
000101011011011000111100
000101011011011000011001
000101011011010111111000
000101011011010111010100
000101011011010110110001
000101011011010110001011
000101011011010101100101
000101011011010101000000
000101011011010100011101
000101011011010011111011
000101011011010011010010
000101011011010010100111
000101011011010010000101
000101011011010001100010
000101011011010000111010
000101011011010000011010
000101011011001111110111
000101011011001111001110
000101011011001110100110
000101011011001110000100
000101011011001101011011
000101011011001100111001
000101011011001100010001
000101011011001011101110
000101011011001011001000
000101011011001010100000
000101011011001001111001
000101011011001001010111
000101011011001000110110
000101011011001000001011
000101011011000111101100
000101011011000111001001
000101011011000110100010
000101011011000101111011
000101011011000101010101
000101011011000100110001
000101011011000100001110
000101011011000011100111
000101011011000011001000
000101011011000010100011
000101011011000001111101
000101011011000001010110
000101011011000000101110
000101011011000000001000
000101011010111111101001
000101011010111111000101
000101011010111110100100
000101011010111101111010
000101011010111101010111
000101011010111100110000
000101011010111100001110
000101011010111011101011
000101011010111011000010
000101011010111010011011
000101011010111001110011
000101011010111001010100
000101011010111000101101
000101011010111000001110
000101011010110111101000
000101011010110111000111
000101011010110110011110
000101011010110101111001
000101011010110101010110
000101011010110100110101
000101011010110100010011
000101011010110011101100
000101011010110011000110
000101011010110010011010
000101011010110001111011
000101011010110001011101
000101011010110000110101
000101011010110000010011
000101011010101111110001
000101011010101111001110
000101011010101110100110
000101011010101101111110
000101011010101101010111
000101011010101100110100
000101011010101100010100
000101011010101011101100
000101011010101011001010
000101011010101010100101
000101011010101010001000
000101011010101001011110
000101011010101000111011
000101011010101000010100
000101011010100111101101
000101011010100111010000
000101011010100110100110
000101011010100110001010
000101011010100101100100
000101011010100100111010
000101011010100100011010
000101011010100011111010
000101011010100011011001
000101011010100010110011
000101011010100010001111
000101011010100001101100
000101011010100001000110
000101011010000100010101
000101011001010100001110
000101011000011101011001
000101010111100100000101
000101010110101001110101
000101010101101111011001
000101010100110100110100
000101010011111010010010
000101010010111111101010
000101010010000101000110
000101010001001010100011
000101010000001111111000
000101001111010101001111
000101001110011010100111
000101001101100000000100
000101001100100101011101
000101001011101010111001
000101001010110000010011
000101001001110101100110
000101001000111011000010
000101001000000000100011
000101000111000110000101
000101000110001010111110
000101000101001111101010
000101000100010100000100
000101000011011000011001
000101000010011100011111
000101000001100000011010
000101000000100100010100
000100111111101000000001
000100111110011010111100
000100111101011000001011
000100111100011000100111
000100111011011010000011
000100111010011011011101
000100111001011101001100
000100111000011110111101
000100110111100001001010
000100110110100010111111
000100110101100100101101
000100110100100110110010
000100110011101001001001
000100110010101011100000
000100110001101101110010
000100110000110000000110
000100101111110010011110
000100101110110100111110
000100101101110111100101
000100101100111001111011
000100101011111100001101
000100101010111110110101
000100101010000001100001
000100101001000100001111
000100101000000111010000
000100100111001010000101
000100100110001100110001
000100100101001111110010
000100100100010010110001
000100100011010101111010
000100100010011000111101
000100100001011011110110
000100100000011110110101
000100011111100001111001
000100011110100101001011
000100011101101000101001
000100011100101011110110
000100011011101110111010
000100011010110010001001
000100011001110101101010
000100011000111001001010
000100010111111100011001
000100010111000000000000
000100010110000011011110
000100010101000110111011
000100010100001010011100
000100010011001110010001
000100010010010001111111
000100010001010101100001
000100010000011001010101
000100001111011100111111
000100001110100000110010
000100001101100100100011
000100001100101000100000
000100001011101100001100
000100001010101111111111
000100001001110011111010
000100001000110111101110
000100000111111010010111
000100000111100100001101
000100000111011011101001
000100000111010111101111
000100000111010101011100
000100000111010011110010
000100000111010010001100
000100000111010000111010
000100000111001111011101
000100000111001110001101
000100000111001100111101
000100000111001011100001
000100000111001010010101
000100000111001001000101
000100000111000111111001
000100000111000110100000
000100000111000101011001
000100000111000100001001
000100000111000010111100
000100000111000001101000
000100000111000000011011
000100000110111111010110
000100000110111110000101
000100000110111100111011
000100000110111011111101
000100000110111010101100
000100000110111001100101
000100000110111000011110
000100000110110111010010
000100000110110110001001
000100000110110101000011
000100000110110011111111
000100000110110010111111
000100000110110001111100
000100000110110000111011
000100000110101111101111
000100000110101110110010
000100000110101101110101
000100000110101100110000
000100000110101011110110
000100000110101010101111
000100000110101001110010
000100000110101000101111
000100000110100111110111
000100000110100110111010
000100000110100101110100
000100000110100100111100
000100000110100011111100
000100000110100011000110
000100000110100010001100
000100000110100001010101
000100000110100000011101
000100000110011111101001
000100000110011110101100
000100000110011101101000
000100000110011100111000
000100000110011011111111
000100000110011011000010
000100000110011010001101
000100000110011001011110
000100000110011000101010
000100000110010111101100
000100000110010110111001
000100000110010110010001
000100000110010101010010
000100000110010100011010
000100000110010011110001
000100000110010010111110
000100000110010010001000
000100000110010001010011
000100000110010000100101
000100000110001111101111
000100000110001111000001
000100000110001110001111
000100000110001101011110
000100000110001100100111
000100000110001011111001
000100000110001011010000
000100000110001010100100
000100000110001001110111
000100000110001001000010
000100000110001000010111
000100000110000111101110
000100000110000111001011
000100000110000110010010
000100000110000101101110
000100000110000100111001
000100000110000100001110
000100000110000011011101
000100000110000010110001
000100000110000010000011
000100000110000001011001
000100000110000000110111
000100000110000000001110
000100000101111111101001
000100000101111110111111
000100000101111110001011
000100000101111101101010
000100000101111100111110
000100000101111100011001
000100000101111011101111
000100000101111011001101
000100000101111010101100
000100000101111001110100
000100000101111001010111
000100000101111000110000
000100000101111000000111
000100000101110111100111
000100000101110110111110
000100000101110110010110
000100000101110101110101
000100000101110101001011
000100000101110100011110
000100000101110011111010
000100000101110011011000
000100000101110010110010
000100000101110010010001
000100000101110001110011
000100000101110001000001
000100000101110000100000
000100000101101111111100
000100000101101111011100
000100000101101110111001
000100000101101110011010
000100000101101101110110
000100000101101101010110
000100000101101100110110
000100000101101100000011
000100000101101011100010
000100000101101011000110
000100000101101010100101
000100000101101010001011
000100000101101001101110
000100000101101001001001
000100000101101000100010
000100000101101000000100
000100000101100111100110
000100000101100111001010
000100000101100110110000
000100000101100110001011
000100000101100101101001
000100000101100101001100
000100000101100100101010
000100000101100100001110
000100000101100011111001
000100000101100011011001
000100000101100010110101
000100000101100010010010
000100000101100001110100
000100000101100001100011
000100000101100001000101
000100000101100000011000
000100000101100000000000
000100000101011111101000
000100000101011111001101
000100000101011110101111
000100000101011110010111
000100000101011101111000
000100000101011101010111
000100000101011101000000
000100000101011100101100
000100000101011100001010
000100000101011011110001
000100000101011011010010
000100000101011010110100
000100000101011010010110
000100000101011001111000
000100000101011001100010
000100000101011001001111
000100000101011000101011
000100000101011000011010
000100000101010111111011
000100000101010111011011
000100000101010110111110
000100000101010110100100
000100000101010110001110
000100000101010101110101
000100000101010101011000
000100000101010101000000
000100000101010100101000
000100000101010100001111
000100000101010011111100
000100000101010011011101
000100000101010011000010
000100000101010010110001
000100000101010010011011
000100000101010001111010
000100000101010001011000
000100000101010001000011
000100000101010000110011
000100000101010000011100
000100000101010000000100
000100000101001111101100
000100000101001111011110
000100000101001111000011
000100000101001110101100
000100000101001110010101
000100000101001101111101
000100000101001101101000
000100000101001101010001
000100000101001101000000
000100000101001100100000
000100000101001100001000
000100000101001011111000
000100000101001011011110
000100000101001011000100
000100000101001010110110
000100000101001010100100
000100000101001010001101
000100000101001001110100
000100000101001001100110
000100000101001001000111
000100000101001000110111
000100000101001000100001
000100000101001000010010
000100000101000111111101
000100000101000111100100
000100000101000111010001
000100000101000110111010
000100000101000110101001
000100000101000110010110
000100000101000110000001
000100000101000101100100
000100000101000101010110
000100000101000100111101
000100000101000100110001
000100000101000100011010
000100000101000100001001
000100000101000011110011
000100000101000011011001
000100000101000011010010
000100000101000011000011
000100000101000010101110
000100000101000010011011
000100000101000010001010
000100000101000001110101
000100000101000001100011
000100000101000001010001
000100000101000001000010
000100000101000000101111
000100000101000000011100
000100000101000000001010
000100000100111111110111
000100000100111111101100
000100000100111111011101
000100000100111111000011
000100000100111110101111
000100000100111110100111
000100000100111110010101
000100000100111110000110
000100000100111101101011
000100000100111101011001
000100000100111101000101
000100000100111100111000
000100000100111100101001
000100000100111100010101
000100000100111011111111
000100000100111011110001
000100000100111011011101
000100000100111011010010
000100000100111011000000
000100000100111010101111
000100000100111010100010
000100000100100110110000
000100000011111001110110
000100000011000100000001
000100000010001011001010
000100000001010001001101
000100000000010110110111
000011111111011100011110
000011111110100001110111
000011111101100111011010
000011111100101100111111
000011111011110010011111
000011111010110111111100
000011111001111101100011
000011111001000011001101
000011111000001000101110
000011110111001110001101
000011110110010011111100
000011110101011001011111
000011110100011110110111
000011110011100100011001
000011110010101001111011
000011110001101111011010
000011110000110101001001
000011101111111010100111
000011101111000000001010
000011101110000101110011
000011101101001011011010
000011101100010000111001
000011101011010110100010
000011101010011011111111
000011101001100001100111
000011101000100111001001
000011100111101100110100
000011100110110010010001
000011100101110111111100
000011100100111101011001
000011100100000011000000
000011100011001000101000
000011100010001110010101
000011100001010011111110
000011100000011001011101
000011011111011111000001
000011011110100100101011
000011011101101010011000
000011011100101111111100
000011011011110101011111
000011011010111011001010
000011011010000000110101
000011011001000110011000
000011011000001011111001
000011010111010001100000
000011010110010111000001
000011010101011100101000
000011010100100010010111
000011010011100111111010
000011010010101101011110
000011010001110011001000
000011010000111000101110
000011001111111110011100
000011001111000100000110
000011001110001001101000
000011001101001111010000
000011001100010100110101
000011001011011010011101
000011001010100000000010
000011001001100101110100
000011001000101011100000
000011000111110001000100
000011000110110110101111
000011000101111100011101
000011000101000010000100
000011000100000111110011
000011000011001101011000
000011000010010011000100
000011000001011000101110
000011000000011110011010
000010111111100100000000
000010111110101001101111
000010111101101111011101
000010111100110100111111
000010111011111010101101
000010111011000000010011
000010111010000101111110
000010111001001011101101
000010111000010001011000
000010110111010111000011
000010110110011100110101
000010110101110110110110
000010110101101001100101
000010110101100100111001
000010110101100011010001
000010110101100010101011
000010110101100010011011
000010110101100010001011
000010110101100010000111
000010110101100010000110
000010110101100010000101
000010110101100010001011
000010110101100001111111
000010110101100001111001
000010110101100001101110
000010110101100001101101
000010110101100001101011
000010110101100001100001
000010110101100001011111
000010110101100001011000
000010110101100001011010
000010110101100001011000
000010110101100001010001
000010110101100001000111
000010110101100001000101
000010110101100001000011
000010110101100001000001
000010110101100000110111
000010110101100000101111
000010110101100000101110
000010110101100000101011
000010110101100000100010
000010110101100000011011
000010110101100000010110
000010110101100000001111
000010110101100000000010
000010110101011111111110
000010110101011111111011
000010110101011111110111
000010110101011111110001
000010110101011111101100
000010110101011111101000
000010110101011111101000
000010110101011111100010
000010110101011111011001
000010110101011111010100
000010110101011111010000
000010110101011111010010
000010110101011111001010
000010110101011111000000
000010110101011110111111
000010110101011110111100
000010110101011110111010
000010110101011110110100
000010110101011110101011
000010110101011110101101
000010110101011110100100
000010110101011110011101
000010110101011110011000
000010110101011110010011
000010110101011110001101
000010110101011110001011
000010110101011110001011
000010110101011110000101
000010110101011110000010
000010110101011101111010
000010110101011101111001
000010110101011101111001
000010110101011101101111
000010110101011101101111
000010110101011101101110
000010110101011101101010
000010110101011101011110
000010110101011101010111
000010110101011101010111
000010110101011101001011
000010110101011101010110
000010110101011101001110
000010110101011101000111
000010110101011101000110
000010110101011101000100
000010110101011100111110
000010110101011101000000
000010110101011100111101
000010110101011100111010
000010110101011100110000
000010110101011100110001
000010110101011100101100
000010110101011100101100
000010110101011100100101
000010110101011100100011
000010110101011100011010
000010110101011100010101
000010110101011100010111
000010110101011100010010
000010110101011100001110
000010110101011100001100
000010110101011011111110
000010110101011011111111
000010110101011011111110
000010110101011011111001
000010110101011011110110
000010110101011011110001
000010110101011011110001
000010110101011011101001
000010110101011011100111
000010110101011011101100
000010110101011011100000
000010110101011011100100
000010110101011011010011
000010110101011011011001
000010110101011011011001
000010110101011011010100
000010110101011011010110
000010110101011011010111
000010110101011011001100
000010110101011011000111
000010110101011011000111
000010110101011011000110
000010110101011011000011
000010110101011010111110
000010110101011010111110
000010110101011010110001
000010110101011010110111
000010110101011010100101
000010110101011010100100
000010110101011010110000
000010110101011010101110
000010110101011010100111
000010110101011010100010
000010110101011010011001
000010110101011010010111
000010110101011010010101
000010110101011010010101
000010110101011010010011
000010110101011010000111
000010110101011010001000
000010110101011010000111
000010110101011010000111
000010110101011010000000
000010110101011001110101
000010110101011001110111
000010110101011001110110
000010110101011001110101
000010110101011001110001
000010110101011001101101
000010110101011001110000
000010110101011001100110
000010110101011001100010
000010110101011001100100
000010110101011001100001
000010110101011001011101
000010110101011001011011
000010110101011001010011
000010110101011001010101
000010110101011001001110
000010110101011001001111
000010110101011001010010
000010110101011001010000
000010110101011001001101
000010110101011001001001
000010110101011001001000
000010110101011001000101
000010110101011001000110
000010110101011001000100
000010110101011001000110
000010110101011000111110
000010110101011000110101
000010110101011000110100
000010110101011000110100
000010110101011000101100
000010110101011000100111
000010110101011000101010
000010110101011000100111
000010110101011000100100
000010110101011000100100
000010110101011000100110
000010110101011000011001
000010110101011000011111
000010110101011000011111
000010110101011000010011
000010110101011000001111
000010110101011000001110
000010110101011000000101
000010110101011000000100
000010110101010111111101
000010110101011000000100
000010110101011000000000
000010110101010111111100
000010110101011000000001
000010110101011000000000
000010110101010111111010
000010110101010111110100
000010110101010111101111
000010110101010111110001
000010110101010111101011
000010110101010111101110
000010110101010111100000
000010110101010111100110
000010110101010111011111
000010110101010111011101
000010110101010111010101
000010110101010111010000
000010110101010111011000
000010110101010111010010
000010110101010111010001
000010110101010111001110
000010110101010111001110
000010110101010111001011
000010110101010111001001
000010110101010111000011
000010110101010110111100
000010110101010111000001
000010110101010110111111
000010110101010110111000
000010110101010110110110
000010110101010110110100
000010110101010110101110
000010110101010110101100
000010110101010110110000
000010110101010110110010
000010110101010110100111
000010110101010110100101
000010110101010110100011
000010110101010110100010
000010110101010110100010
000010110101010110011100
000010110101010110011011
000010110101010110011111
000010110101010110010111
000010110101010110010101
000010110101010110001101
000010110101010110001100
000010110101010110001101
000010110101010110001001
000010110101010110001110
000010110101010110001010
000010110101010110001011
000010110101010110000111
000010110101010110000100
000010110101010110001111
000010110101010110000000
000010110101010110000010
000010110101010101111100
000010110101010101111010
000010110101010101110110
000010110101010101111010
000010110101010101110001
000010110101010101110101
000010110101010101110001
000010110101010101101101
000010110101010101110001
000010110101010101101000
000010110101010101101001
000010110101010101100100
000010110101010101100000
000010110101010101100100
000010110101010101100110
000010110101010101100110
000010110101010101100110
000010110101010101011111
000010110101010101100011
000010110101010101100001
000010110101010101010111
000010110101000000001100
000010110100010010110000
000010110011011100111100
000010110010100100010001
000010110001101010100000
000010110000110000011010
000010101111110110001001
000010101110111100000010
000010101110000001101101
000010101101000111100000
000010101100001101010010
000010101011010011000111
000010101010011000111001
000010101001011110100011
000010101000100100010010
000010100111101010001000
000010100110101111111101
000010100101110101101010
000010100100111011011110
000010100100000001000111
000010100011000110111011
000010100010001100101111
000010100001010010011010
000010100000011000001101
000010011111011101111101
000010011110100011110111
000010011101101001101011
000010011100101111010110
000010011011110101001000
000010011010111010110111
000010011010000000100001
000010011001000110010111
000010011000001100000111
000010010111010010000011
000010010110010111110100
000010010101011101101010
000010010100100011010111
000010010011101001000010
000010010010101110110010
000010010001110100100101
000010010000111010011100
000010010000000000000110
000010001111000110000001
000010001110001011111011
000010001101010001101010
000010001100010111011010
000010001011011101001101
000010001010100010111111
000010001001101000110001
000010001000101110100001
000010000111110100010110
000010000110111010001011
000010000101111111111111
000010000101000101101011
000010000100001011011101
000010000011010001010100
000010000010010111000010
000010000001011100111101
000010000000100010101101
000001111111101000100011
000001111110101110010111
000001111101110100001111
000001111100111010000100
000001111011111111101101
000001111011000101100010
000001111010001011011011
000001111001010001001010
000001111000010111000101
000001110111011100111110
000001110110100010110111
000001110101101000100000
000001110100101110010000
000001110011110100001011
000001110010111010000001
000001110001111111110000
000001110001000101011111
000001110000001011011001
000001101111010001010000
000001101110010111001001
000001101101011101000101
000001101100100010110111
000001101011101000101110
000001101010101110100110
000001101001110100011101
000001101000111010001110
000001100111111111111111
000001100111000101110001
000001100110100000110111
000001100110010100000001
000001100110001111100011
000001100110001110001001
000001100110001101101100
000001100110001101100110
000001100110001101101010
000001100110001101100010
000001100110001101101011
000001100110001101101111
000001100110001101110010
000001100110001101111001
000001100110001101111110
000001100110001101111100
000001100110001110000101
000001100110001110001011
000001100110001110001010
000001100110001110000111
000001100110001110010001
000001100110001110010000
000001100110001110011001
000001100110001110011010
000001100110001110011110
000001100110001110100001
000001100110001110100110
000001100110001110110000
000001100110001110110001
000001100110001110101010
000001100110001110110000
000001100110001110101111
000001100110001110110110
000001100110001110111000
000001100110001111000011
000001100110001111001000
000001100110001111000101
000001100110001111010000
000001100110001111010110
000001100110001111011100
000001100110001111100100
000001100110001111100100
000001100110001111101000
000001100110001111100111
000001100110001111100101
000001100110001111101010
000001100110001111101010
000001100110001111101111
000001100110001111110100
000001100110001111110111
000001100110001111111111
000001100110001111111110
000001100110010000000000
000001100110010000000001
000001100110010000001011
000001100110010000001100
000001100110010000010010
000001100110010000011011
000001100110010000011011
000001100110010000011101
000001100110010000100010
000001100110010000100011
000001100110010000101011
000001100110010000100111
000001100110010000101000
000001100110010000101101
000001100110010000101011
000001100110010000101100
000001100110010000101100
000001100110010000110000
000001100110010000111000
000001100110010000111110
000001100110010001001001
000001100110010001000000
000001100110010001001001
000001100110010001000101
000001100110010001001010
000001100110010001001110
000001100110010001010101
000001100110010001011100
000001100110010001100010
000001100110010001100101
000001100110010001100010
000001100110010001011111
000001100110010001100001
000001100110010001100001
000001100110010001100100
000001100110010001100000
000001100110010001100110
000001100110010001101110
000001100110010001101111
000001100110010001111010
000001100110010001111000
000001100110010001110100
000001100110010001111001
000001100110010010000001
000001100110010010000010
000001100110010010000011
000001100110010010001000
000001100110010010000100
000001100110010010000101
000001100110010010001000
000001100110010010010000
000001100110010010010001
000001100110010010011111
000001100110010010100110
000001100110010010100100
000001100110010010100100
000001100110010010011010
000001100110010010100001
000001100110010010101000
000001100110010010101010
000001100110010010110101
000001100110010010111101
000001100110010010110100
000001100110010010111100
000001100110010011000001
000001100110010010110111
000001100110010010111001
000001100110010010111100
000001100110010011000100
000001100110010011001001
000001100110010011000111
000001100110010011001010
000001100110010011010000
000001100110010011010010
000001100110010011001011
000001100110010011010010
000001100110010011011011
000001100110010011010110
000001100110010011010010
000001100110010011010110
000001100110010011011110
000001100110010011011110
000001100110010011100010
000001100110010011100011
000001100110010011101101
000001100110010011101100
000001100110010011101100
000001100110010011110100
000001100110010011110100
000001100110010011110010
000001100110010011111100
000001100110010011110000
000001100110010011111010
000001100110010011110111
000001100110010100000101
000001100110010100000001
000001100110010100001000
000001100110010100000101
000001100110010100001000
000001100110010100001011
000001100110010100001101
000001100110010100001111
000001100110010100010001
000001100110010100010100
000001100110010100010101
000001100110010100010100
000001100110010100011011
000001100110010100011011
000001100110010100011010
000001100110010100010111
000001100110010100010111
000001100110010100011100
000001100110010100101011
000001100110010100101101
000001100110010100101011
000001100110010100101111
000001100110010100101111
000001100110010100101100
000001100110010100110001
000001100110010100111001
000001100110010100110100
000001100110010100110011
000001100110010100110111
000001100110010100110010
000001100110010100111000
000001100110010100111100
000001100110010101000101
000001100110010101000011
000001100110010101000111
000001100110010101001010
000001100110010101001010
000001100110010101010000
000001100110010101010001
000001100110010101001101
000001100110010101001111
000001100110010101011101
000001100110010101011001
000001100110010101011110
000001100110010101100000
000001100110010101011111
000001100110010101100100
000001100110010101101010
000001100110010101101000
000001100110010101101001
000001100110010101100011
000001100110010101101100
000001100110010101101110
000001100110010101110011
000001100110010101111000
000001100110010101111011
000001100110010110000010
000001100110010101111101
000001100110010101111000
000001100110010101111101
000001100110010110000000
000001100110010110000100
000001100110010110001001
000001100110010110000110
000001100110010110000100
000001100110010110000010
000001100110010110000110
000001100110010110001110
000001100110010110001010
000001100110010110010100
000001100110010110010100
000001100110010110010001
000001100110010110011001
000001100110010110011100
000001100110010110011010
000001100110010110100000
000001100110010110100100
000001100110010110100110
000001100110010110101000
000001100110010110110011
000001100110010110101110
000001100110010110101111
000001100110010110101100
000001100110010110101111
000001100110010110111001
000001100110010110110101
000001100110010110101110
000001100110010110110110
000001100110010110111100
000001100110010110111100
000001100110010111000011
000001100110010111000000
000001100110010111000011
000001100110010111000010
000001100110010111001011
000001100110010111001100
000001100110010111000111
000001100110010111001010
000001100110010111010011
000001100110010111010100
000001100110010111010011
000001100110010111010011
000001100110010111001100
000001100110010111010001
000001100110010111010001
000001100110010111010101
000001100110010111010111
000001100110010111011001
000001100110010111010100
000001100110010111010110
000001100110010111100001
000001100110010111100000
000001100110010111100000
000001100110010111100000
000001100110010111011110
000001100110010111100010
000001100110010111100100
000001100110010111100011
000001100110010111101111
000001100110000010011000
000001100101010101001000
000001100100011111010001
000001100011100110101011
000001100010101101000000
000001100001110011000000
000001100000111000110011
000001011111111110100111
000001011111000100011100
000001011110001010010000
000001011101010000000010
000001011100010101110101
000001011011011011100101
000001011010100001011101
000001011001100111010000
000001011000101101001000
000001010111110010110100
000001010110111000100101
000001010101111110010111
000001010101000100001111
000001010100001010000010
000001010011001111111000
000001010010010101100100
000001010001011011011010
000001010000100001010010
000001001111100111001001
000001001110101100111010
000001001101110010110100
000001001100111000101001
000001001011111110011110
000001001011000100001100
000001001010001001111111
000001001001001111110010
000001001000010101100011
000001000111011011010110
000001000110100001001010
000001000101100111001000
000001000100101100111001
000001000011110010110010
000001000010111000101001
000001000001111110011001
000001000001000100010101
000001000000001010000101
000000111111001111111010
000000111110010101110000
000000111101011011011100
000000111100100001010010
000000111011100111001101
000000111010101101000010
000000111001110010111111
000000111000111000101011
000000110111111110100101
000000110111000100011010
000000110110001010011010
000000110101010000001010
000000110100010101111111
000000110011011011111000
000000110010100001110000
000000110001100111100010
000000110000101101010110
000000101111110011001011
000000101110111001000000
000000101101111110101111
000000101101000100110001
000000101100001010100101
000000101011010000011010
000000101010010110001110
000000101001011100000100
000000101000100001111010
000000100111100111110010
000000100110101101101100
000000100101110011100101
000000100100111001011101
000000100011111111010101
000000100011000101000011
000000100010001010110101
000000100001010000110101
000000100000010110101000
000000011111011100011011
000000011110100010010111
000000011101101000001101
000000011100101101111111
000000011011110011111101
000000011010111001101001
000000011001111111100101
000000011001000101010000
000000011000001011010000
000000010111100110011100
000000010111011001101110
000000010111010101010001
000000010111010011111000
000000010111010011011001
000000010111010011001010
000000010111010011001000
000000010111010011001110
000000010111010011011011
000000010111010011100001
000000010111010011011001
000000010111010011100011
000000010111010011100101
000000010111010011100010
000000010111010011101111
000000010111010011111001
000000010111010011111111
000000010111010011111111
000000010111010100001010
000000010111010100001001
000000010111010100010100
000000010111010100011001
000000010111010100011110
000000010111010100101000
000000010111010100101010
000000010111010100101101
000000010111010100110001
000000010111010100110101
000000010111010100111000
000000010111010100111101
000000010111010101000110
000000010111010101000101
000000010111010101010000
000000010111010101010001
000000010111010101001110
000000010111010101011001
000000010111010101011011
000000010111010101100011
000000010111010101101000
000000010111010101101011
000000010111010101110001
000000010111010101110001
000000010111010101111100
000000010111010110000100
000000010111010110000010
000000010111010110000100
000000010111010110001111
000000010111010110010110
000000010111010110010111
000000010111010110100000
000000010111010110100100
000000010111010110100110
000000010111010110110000
000000010111010110110011
000000010111010110110011
000000010111010110110110
000000010111010110111101
000000010111010110111111
000000010111010111000011
000000010111010111001001
000000010111010111000110
000000010111010111010010
000000010111010111011000
000000010111010111011101
000000010111010111100001
000000010111010111101001
000000010111010111101101
000000010111010111110001
000000010111010111110001
000000010111010111110111
000000010111010111110100
000000010111010111110111
000000010111010111111001
000000010111011000001010
000000010111011000000101
000000010111011000001000
000000010111011000010100
000000010111011000010010
000000010111011000010101
000000010111011000011001
000000010111011000011110
000000010111011000011110
000000010111011000100101
000000010111011000100100
000000010111011000100101
000000010111011000101100
000000010111011000110011
000000010111011000111010
000000010111011000111010
000000010111011000111011
000000010111011001000000
000000010111011001001011
000000010111011001000111
000000010111011001001010
000000010111011001001110
000000010111011001001001
000000010111011001001100
000000010111011001010101
000000010111011001010100
000000010111011001011001
000000010111011001011111
000000010111011001101001
000000010111011001101011
000000010111011001101111
000000010111011001101111
000000010111011001110110
000000010111011001111100
000000010111011010000000
000000010111011010000100
000000010111011010000110
000000010111011010001001
000000010111011010001110
000000010111011010010010
000000010111011010010100
000000010111011010010000
000000010111011010011000
000000010111011010011001
000000010111011010011010
000000010111011010100010
000000010111011010100111
000000010111011010011101
000000010111011010100110
000000010111011010101100
000000010111011010101011
000000010111011010110000
000000010111011010111001
000000010111011010110111
000000010111011010111110
000000010111011010111100
000000010111011011000110
000000010111011011001011
000000010111011011000011
000000010111011011010000
000000010111011011010100
000000010111011011010111
000000010111011011010110
000000010111011011011011
000000010111011011011110
000000010111011011100011
000000010111011011101100
000000010111011011101000
000000010111011011101010
000000010111011011101000
000000010111011011101101
000000010111011011111001
000000010111011011111000
000000010111011011111000
000000010111011011111001
000000010111011011111110
000000010111011100000011
000000010111011100001000
000000010111011100001001
