001011101001001000011101
001011101001001001100000
001011101001000111111010
001011101001001010100101
001011101001000101101011
001011101001001001111000
001011101001001001001111
001011101001001000101010
001011101001000111001100
001011101001000110110110
001011101001001011000110
001011101001001001001011
001101110010010101010100
001110000100100111000000
001110001010110100101000
001110001111000100100001
001110010011000000101000
001110010110111000110110
001110011010101110100011
001110011110100011101000
001101000111010111010010
001100010100101101110110
001100001100010010010001
001100001010111011011110
001100001010101001001010
001100001010101000001011
001100001010100111011010
001100001010100110001111
001100001010100111010011
001100001010100111100110
001100001010101011010100
001100001010101000011011
001100001010100110100011
001100001010100111001000
001100001010100110100001
001100001010100111100011
001100001010101001110111
001100001010100110000011
001100001010101000000110
001100001010100111000000
001100001010101001011000
001100001010100110010100
001100001010101000001000
001100001010100111011101
001100001010101010110000
001100001010100110011010
001100001010101000010001
001110010011110100010100
001110100110001010111011
001110101100010111011011
001110110000100110000000
001110110100011010001001
001110111000010110001100
001110111100010000010110
001111000000000001101111
001101101000111001111100
001100110110001010011101
001100101101110000001001
001100101100010110001010
001100101100000111000100
001100101100000101001000
001100101100000101100011
001100101100000100111000
001100101100000101111000
001100101100000100110011
001100101100000101001010
001100101100000010101101
001100101100000011001001
001100101100001001010110
001100101100000101110101
001100101100000011111101
001100101100000101011000
001100101100000101000000
001100101100000101111010
001100101100000011001110
001100101100000101001000
001100101100000010100111
001100101100000011100100
001100101100000011100100
001100101100000100010101
001100101100000100000000
001100101100000001111110
001110110101010010101100
001111000111100011010100
001111001101110001001100
001111010010000100110010
001111010101111110000100
001111011001110100001001
001111011101100111100011
001111100001100000000101
001110001010010000100101
001101010111101000001101
001101001111001110011100
001101001101110000011100
001101001101100110100000
001101001101100010100101
001101001101100001111011
001101001101100100110010
001101001101100010101001
001101001101100001111000
001101001101100011100010
001101001101100001100101
001101001101100000110111
001101001101100000111111
001101001101100001111100
001101001101100011001000
001101001101100010000011
001101001101100010000111
001101001101100011011010
001101001101100000101110
001101001101011111001110
001101001101100011111101
001101001101100010010011
001101001101100100001001
001101001101100001100101
001101001101100011100101
001101001101100010111100
001111010110110001000111
001111101000111111100010
001111101111010001010110
001111110011011111011100
001111110111011010011011
001111111011010011101110
001111111111000101111110
010000000010111101010001
001110101011101111101100
001101111001000101001101
001101110000101011000001
001101101111010000000111
001101101111000101111100
001101101111000000111111
001101101111000000011010
001101101111000010100111
001101101110111111110000
001101101110111110100111
001101101110111100101110
001101101111000000011111
001101101111000001111100
001101101111000100011001
001101101110111110111100
001101101111000001111001
001101101110111110101000
001101101110111101101011
001101101111000100001111
001101101111000001011111
001101101110111110101111
001101101110111111111110
001101101111000010100000
001101101111000011011110
001101101111000001111000
001101101111000000000000
001101101111000000011010
001111110111000010000011
010000000110101111001000
010000001010010110110011
010000001100000000111010
010000001101010110101010
010000001110101001101110
010000001111111000110011
010000010001001101011001
001110110111110111110001
001110000101001100110011
001101111100110110010101
001101111011011011000011
001101111011001000101100
001101111011000110110001
001101111011001000010001
001101111011000111010101
001101111011000110111010
001101111011001001110100
001101111011001001001110
001101111011001001101101
001101111011000111110010
001101111011001000000000
001101111011000101110001
001101111011000111000110
001101111011001001011001
001101111011000111001000
001101111011001001101010
001101111011000111101111
001101111011001001001101
001101111011001001111001
001101111011001000111110
001101111011001000011000
001101111011001001010110
001101111011001011110100
001101111011000111101001
010000000010000011100010
010000010001101100110110
010000010101010111111011
010000010110111111101000
010000011000011000001010
010000011001101001101101
010000011010110111110010
010000011100001000011101
001111000010111001100011
001110010000001011111100
001110000111110011010111
001110000110011010100001
001110000110001010010110
001110000110000111010000
001110000110000100100101
001110000110000101001001
001110000110000101000110
001110000110000111010000
001110000110001000101011
001110000110000111010100
001110000110001001111001
001110000110000110000111
001110000110000111111000
001110000110000111000100
001110000110000111110110
001110000110000100101110
001110000110000110101001
001110000110000111110110
001110000110000110110100
001110000110001000110011
001110000110000110110101
001110000110000010100101
001110000110001000001001
001110000110000110101010
001110000110000110111110
010000001100111101011011
010000011100101100100101
010000100000010100110010
010000100001111110000000
010000100011010011110010
010000100100100110001111
010000100101110101001001
010000100111000111101110
001111001101110111100010
001110011011001010111011
001110010010110000100100
001110010001010101100111
001110010001001011100001
001110010001000101101011
001110010001000110110001
001110010001000101111010
001110010001000100011110
001110010001000110100111
001110010001000100010100
001110010001000110001111
001110010001000101100001
001110010001000100100100
001110010001000100101101
001110010001000110111010
001110010001000110000000
001110010001000011010001
001110010001000110001100
001110010001000110010011
001110010001000011110111
001110010001000110100011
001110010001000111011010
001110010001000101110101
001110010001000101101101
001110010001000101100101
001110010001000110011101
010000010111111111010011
010000100111101001111111
010000101011010001010110
010000101100111100000000
010000101110010100000111
010000101111100101100010
010000110000110110101010
010000110010000100111101
001111011000110110110110
001110100110001001100010
001110011101101100100110
001110011100010101110010
001110011100001000010101
001110011100000110001110
001110011100000100011110
001110011100000011111101
001110011100000101111011
001110011100000100011001
001110011100000000101000
001110011100000100000110
001110011100000011100011
001110011100000111001100
001110011100000100001101
001110011100000101000001
001110011100000100110101
001110011100000101101110
001110011100000101011011
001110011100000100101010
001110011100000110101101
001110011100000001100110
001110011100000110000001
001110011100000010110101
001110011100000100000000
001110011100000100010001
001110011100000110001010
010000100010111100011001
010000110010101001100111
010000110110010001001001
010000110111111100101100
010000111001010011000010
010000111010100100100001
010000111011110010001101
010000111101000100101110
001111100011110011110010
001110110001001000010110
001110101000101110101010
001110100111010100010001
001110100111000101010111
001110100111000011111100
001110100111000011101001
001110100111000010001001
001110100111000001011110
001110100111000010001010
001110100111000011000110
001110100111000010100110
001110100111000011101110
001110100111000010100111
001110100111000100001100
001110100111000100110010
001110100111000010010011
001110100111000010000111
001110100111000011010001
001110100111000011110001
001110100111000000101100
001110100111000011010001
001110100111000011010101
001110100111000011111111
001110100111000010110000
001110100111000101010111
001110100111000100100001
010000101101111100010101
010000111101100101011111
010001000001010011011100
010001000010111101001010
010001000100001111001011
010001000101100101001111
010001000110110010110100
010001001000000101101100
001111101110110011011000
001110111100001000100100
001110110011101110001011
001110110010010100111110
001110110010000111000001
001110110010000100001110
001110110010000101011111
001110110010000111010001
001110110010000100011010
001110110010000010001110
001110110010000011111010
001110110010000010001101
001110110010000011001101
001110110010000010001001
001110110010000001100001
001110110010000001000000
001110110010000010011111
001110110010000100101000
001110110010000000010001
001110110010000000001001
001110110010000011000100
001110110010000011000101
001110110010000011111001
001110110010000010011101
001110110010000011010011
001110110010000001111010
001110110010000000101010
010000111000111100110000
010001001000100100000100
010001001100010000001011
010001001101111011010101
010001001111010010100010
010001010000011110110010
010001010001110101001110
010001010011000011001001
001111111001110010101010
001111000111000101001000
001110111110101110000110
001110111101010000110101
001110111101000110100110
001110111101000010011110
001110111101000011001001
001110111101000010101010
001110111101000010011111
001110111101000000011111
001110111101000010110010
001110111100111111011000
001110111101000010010000
001110111101000001000111
001110111101000000110110
001110111101000111010000
001110111101000001001110
001110111101000000011100
001110111101000000000110
001110111101000000110100
001110111101000000010010
001110111101000001010100
001110111101000001000010
001110111101000001011111
001110111101000011101100
001110111101000001110001
001110111101000010000010
010001000011111001111000
010001010011100101110110
010001010111010100010011
010001011000111010110101
010001011010010000001010
010001011011011110110000
010001011100110000101000
010001011110000100110001
010000000100110010101011
001111010010000101000011
001111001001101110000100
001111001000010001100011
001111001000000010010010
001111000111111111100110
001111001000000001011001
001111000111111111010010
001111000111111111100101
001111000111111110101111
001111001000000001010010
001111000111111111001100
001111000111111101001110
001111001000000000111001
001111001000000000100011
001111001000000100111110
001111000111111111101011
001111000111111110101011
001111001000000000001011
001111001000000000111111
001111001000000000100000
001111001000000000011111
001111001000000001011010
001111001000000010110110
001111000111111101010011
001111001000000000110011
001111000111111111100001
010001001110111000000111
010001011110100101011011
010001100010001111110101
010001100011111010101011
010001100101001100010110
010001100110011111001111
010001100111101110110100
010001101001000001011110
010000001111101111011110
001111011101000101001000
001111010100101000110010
001111010011010000001110
001111010011000010111000
001111010010111101101010
001111010010111111111001
001111010010111101111101
001111010010111110110111
001111010010111110011101
001111010011000001000101
001111010010111111011010
001111010010111111011110
001111010010111110101011
001111010011000000111010
001111010010111111101110
001111010010111111001101
001111010010111111110010
001111010011000010100000
001111010010111110110011
001111010010111101100100
001111010010111101111110
001111010010111110000000
001111010010111101010100
001111010010111111001110
001111010010111110111110
001111010010111101011000
010001011001111010101111
010001101001100101100001
010001101101001101110000
010001101110111000000000
010001110000001110101010
010001110001011101100011
010001110010101100001101
010001110100000000101011
010000011010110001101000
001111101000000011101001
001111011111101001101011
001111011110010000001110
001111011110000010010011
001111011101111111111010
001111011101111111110111
001111011101111110110100
001111011101111110110100
001111011101111100110011
001111011101111110001000
001111011101111110001001
001111011101111011111001
001111011101111101010011
001111011101111110110100
001111011101111100111101
001111011101111100100001
001111011101111101101011
001111011101111111010010
001111011101111100110010
001111011101111101000101
001111011101111100011100
001111011101111011100000
001111011101111111100100
001111011101111100011100
001111011101111101011101
001111011101111101100011
010001100100110111011010
010001110100100101001110
010001111000001001101110
010001111001110110111000
010001111001111111000000
010001111010000110011010
010001111010001110011101
010001111010011110001000
010001111010100100111010
010001111010101011000001
010001111010101111110101
010001111010111011000001
010001111011000001111010
010001111011001011100011
010001111011010100000111
010001111011011010100001
010001111011100100010011
010001111011101011001000
010001111011110100110111
010001111011111011000011
010001111100000101110010
010001111100001101000001
010001111100010101010011
010001111100011110000010
010001111100100110110111
010001111100101101100011
010001111100110101011100
010001111100111100001000
010001111101000110010110
010001111101001110011101
010001111101010101110111
010001111101011101100110
010001111101100100100110
010001111101101111100110
010001111101110101110110
010001111101111110101100
010001111110001000010101
010001111110010000100100
010001111110011000101011
010001111110011111001011
010001111110100101110010
010001111110101110011001
010001111110111000010100
010001111111000000011011
010001111111000111100100
010001111111001111001001
010001111111010110001100
010001111111011111001010
010001111111101000010100
010001111111110000011001
010001111111111001110011
010000111111111111110001
010000110001101001000010
010000100101101100110010
010000011011110001111110
010000010011011000110010
010000001100011011010010
010000000110100100111001
010000000001101100100001
001111111101101100000101
001111111010010000011101
001111110111010110111001
001111110101000010101011
001111110011000001000110
001111110001011000111010
001111110000000000100001
001111101110110111111110
001111101101110111000000
001111101101000100010101
001111101100011000010000
001111101011110110000010
001111101011010101010110
001111101010111010011000
001111101010100111011101
001111101010010101011011
001111101010001000101100
001111101001111101110100
001111101001101101100111
001111101001100110111010
001111101001100010101010
001111101001011010101001
001111101001010110010101
001111101001010100001011
001111101001001110110010
001111101001001100100010
001111101001001001110010
001111101001001000100110
001111101001000110101011
001111101001000100011100
001111101001000011111000
001111101001000010010010
001111101000111111010100
001111101001000011011100
001111101001000010011001
001111101001000000000111
001111101000111100101010
001111101000111111011001
001111101000111111101111
001111101000111100010101
001111101000111101000010
001111101001000000110110
001111101001000000000111
001111101000111110010110
001111101000111100101000
001111101000111100100101
001111101000111101100010
001111101000111101000010
001111101000111101000111
001111101000111101100010
001111101000111100110110
001111101000111011001101
001111101000111110011100
001111101000111110001100
001111101000111001101110
001111101000111100110101
001111101000111010111111
001111101000111100111110
001111101000111101110000
001111101000111110001111
001111101000111010111000
001111101000111101111000
001111101000111100111000
001111101000111111011000
001111101000111101001011
001111101000111101010011
001111101000111101001000
001111101000111100010110
001111101000111101001111
001111101000111001101000
001111101000111110010000
001111101000111101010100
001111101000111111000100
001111101000111010010011
001111101000111101100110
001111101000111111100111
001111101000111101000100
001111101000111101111100
001111101000111111100000
001111101000111101110101
001111101000111110010101
001111101000111011011001
001111101000111110001010
001111101000111011011101
001111101000111110011110
001111101000111110101001
001111101000111101001000
001111101000111111110000
001111101000111111001001
001111101000111100011000
001111101000111100010000
001111101000111111011111
001111101000111101111000
001111101000111010110110
001111101000111110000101
001111101000111100110101
001111101000111110010010
001111101000111110011110
001111101000111110010001
001111101000111011101010
001111101000111011001110
001111101000111100101000
001111101000111101101110
001111101000111100011010
001111101000111100101110
001111101000111111100010
001111101000111111010001
001111101001000000111000
001111101000111110000011
001111101000111100111001
001111101001000000001001
001111101000111111100000
001111101000111011010011
001111101000111011001100
001111101000111100100110
001111101000111100111111
001111101000111011010100
001111101000111100101110
001111101000111111101101
001111101000111110010001
001111101000111011001000
001111101000111110001000
001111101000111100100101
001111101000111101001110
001111101000111101000001
001111101000111100010000
001111101000111100000000
001111101000111100010001
001111101000111101100101
001111101000111110111010
001111101000111010100101
001111101000111101001101
001111101001000000000001
001111101000111110010010
001111101000111111101000
001111101000111111000011
001111101000111100000100
001111101000111100000100
001111101000111100100010
001111101000111101011100
001111101000111110110001
001111101000111101001011
001111101000111100110110
001111101000111110010100
001111101000111101100001
001111101000111110101110
001111101000111101100000
001111101000111101000001
001111101000111101010011
001111101000111100001011
001111101000111110101010
001111101000111100100100
001111101001000000011111
001111101000111101111110
001111101000111101001111
001111101000111110010000
001111101000111101011111
001111101000111101111111
001111101000111101100000
001111101000111011011111
001111101000111100110000
001111101000111110011011
001111101000111011111111
001111101000111101011101
001111101000111100001110
001111101000111100011111
001111101000111100100100
001111101000111110100111
001111101000111110011011
001111101000111010101111
001111101000111010100111
001111101000111011110111
001111101000111011111100
001111101000111100101111
001111101000111100110101
001111101000111101001100
001111101000111101000001
001111101000111010010001
001111101000111111110111
001111101000111110000111
001111101000111110100100
001111101000111101100110
001111101000111110011001
001111101000111011110011
001111101000111110000100
001111101001000001000010
001111101000111010010111
001111101000111011010110
001111101000111100100011
001111101000111010001110
001111101000111011111101
001111101000111110011001
001111101000111110001011
001111101000111010011101
001111101000111101000101
001111101000111111100001
001111101000111111001100
001111101000111100101111
001111101000111110111011
001111101000111101011011
001111101000111101001001
001111101000111101010010
001111101000111001100001
001111101000111110100010
001111101001000000000101
001111101000111110011110
001111101000111100111011
001111101000111100001000
001111101000111110110100
001111101000111011111000
001111101000111101010000
001111101000111101010110
001111101000111110011101
001111101000111010111010
001111101000111111110100
001111101000111100110101
001111101000111101000101
001111101000111101101010
001111101000111010001110
001111101000111011111110
001111101000111110101101
001111101000111011011101
001111101000111100100111
001111101000111101101010
001111101000111110010110
001111101000111100110110
001111101000111100001111
001111101000111010110010
001111101000111101000011
001111101000111110101111
001111101000111010001101
001111101000111100110101
001111101000111010101111
001111101000111110000001
001111101000111010111101
001111101000111001111100
001111101000111001101011
001111101000111100010000
001111101001000000001000
001111101000111101011001
001111101000111010100101
001111101000111110001100
001111101000111100001001
001111101000111110001100
001111101000111011001100
001111101000111010101111
001111101001000001011010
001111101000111100111110
001111101000111101001011
001111101000111100110000
001111101000111101001110
001111101000111101000100
001111101000111101001101
001111101000111100010111
001111101000111110001100
010000101000111101010111
010000110111010111111000
010001000011011100111000
010001001101100100101000
010001010110000110010110
010001011101001010010111
010001100011001001001010
010001101000000110010101
010001101100010101001000
010001101111110110010110
010001110010110101101011
010001110101010011111110
010001110111011011110100
010001111001010000001011
010001111010101100101010
010001111100000010111110
010001111101000111111110
010001111110000010111111
010001111110110110010100
010001111111100001011000
010010000000001011100100
010010000000100111111000
010010000001000100100010
010010000001100000011001
010010000001111000000010
010010000010001011011101
010010000010011101001110
010010000010101101000101
010010000010111110001010
010010000011001101110101
010010000011010110010111
010010000011100100000101
010010000011110001011101
010010000011111011000000
010010000100000100101011
010010000100001110000010
010010000100011010010110
010010000100100100000110
010010000100101100001111
010010000100110101010111
010010000101000000010001
010010000101001000001001
010010000101001111110001
010010000101011001010011
010010000101011111010001
010010000101101000010100
010010000101110001110110
010010000101111011111110
010010000110000001001100
010010000110001010000001
010010000110010010010111
010010000110011011010001
010010000110100101001001
010010000110101010100101
010010000110110100010000
010010000110111010111000
010010000111000010111100
010010000111001011100111
010010000111010100011101
010010000111011101110000
010010000111100011110001
010010000111101101100011
010010000111110011110111
010010000111111100010100
010010001000000010110111
010010001000001100011101
010010001000010101100011
010010001000011101100101
010010001000100101101100
010010001000101111001000
010010001000110100001001
010010001000111101101100
010010001001000100110011
010010001001001100001001
010010001001010111101000
010010001001011110111101
010010001001100011010111
010010001001101100011000
010010001001111001011110
010010001001111110011000
010010001010000110001111
010010001010001110010011
010010001010010110000100
010010001010011111001011
010010001010100110011111
010010001010101100101100
010010001010110110010000
010001001010111111000110
010000111100101010000000
010000110000101110010101
010000100110110000110101
010000011110011000100111
010000010111011001100001
010000010001100100000101
010000001100101000010111
010000001000101000101101
010000000101001111110100
010000000010011000011001
010000000000000001010001
001111111101111111111101
001111111100010011110101
001111111010111101101101
001111111001110001100100
001111111000110011111111
001111111000000101000111
001111110111010110010101
001111110110110001011110
001111110110010110000100
001111110101111001101100
001111110101101000001011
001111110101010011010111
001111110101000111001101
001111110100111001111010
001111110100110001110001
001111110100101001110001
001111110100100100001000
001111110100011011101000
001111110100010111011100
001111110100010001011101
001111110100010000101010
001111110100001001110000
001111110100001000010110
001111110100000111000001
001111110100000111100110
001111110100000001000100
001111110100000010100110
001111110011111111001011
001111110100000001001011
001111110011111110110000
001111110011111110111110
001111110011111101000001
001111110011111100000011
001111110011111101011010
001111110011111011000100
001111110011111100000100
001111110011111110000011
001111110011111011011001
001111110011111100111100
001111110011111101111010
001111110100000000000111
001111110011111101010010
001111110011111111110001
001111110011111101010100
001111110011111000101100
001111110011111101001110
001111110011111010011111
001111110011111011000000
001111110011111111110011
001111110011111100100110
001111110011111011111001
001111110011111011111010
001111110011111101101010
001111110011111011111101
001111110011111011100000
001111110011111011101001
001111110011111100100010
001111110011111100110000
001111110011111101011001
001111110011111100010011
001111110011111010110001
001111110011111101100000
001111110011111101111001
001111110011111010111001
001111110011111000110001
001111110011111100011110
001111110011111101010000
001111110011111011101010
001111110011111001111011
001111110011111011010001
001111110011111100000110
001111110011111010110000
001111110011111110001001
001111110011111111001001
001111110011111101111010
001111110011111001010110
001111110011111011001000
001111110011111011100000
001111110011111100011000
001111110011111001001101
001111110011111100111000
001111110011111011000101
001111110011111101111110
001111110011111110000000
001111110011111100100001
001111110011111000111010
001111110011111100010110
001111110011111100010001
001111110011111011000100
001111110011111101010110
001111110011111100010010
001111110011111101001111
001111110011111011101101
001111110011111101010011
001111110011111010100000
001111110011111011001101
001111110011111101111001
001111110100000000001111
001111110011111011000110
001111110011111001111100
001111110011111100000100
001111110011111111101100
001111110011111100100011
001111110011111010010010
001111110011111100000101
001111110011111101111100
001111110011111100000111
001111110011111110100110
001111110011111100000110
001111110011111011110000
001111110011111101100010
001111110011111010011001
001111110011111010110011
001111110011111001110001
001111110011111100101011
001111110011111010010111
001111110011111100010111
001111110011111110011000
001111110011111101111000
001111110011111100011000
001111110011111100111111
001111110011111100010010
001111110011111110001001
001111110011111100111010
001111110011111011011100
001111110011111110111001
001111110011111101001010
001111110011111011011111
001111110011111100111101
001111110011111100111101
001111110011111100110101
001111110011111010110110
001111110011111010010111
001111110011111100100011
001111110011111001111010
001111110011111100110110
001111110011111101000101
001111110011111010011110
001111110011111010010101
001111110011111100111100
001111110011111011110101
001111110011111100001011
001111110011111110010001
001111110011111100000001
001111110011111110100110
001111110011111110001101
001111110011111010110100
001111110011111101000110
001111110011111110001001
001111110011111010000000
001111110011111010111111
001111110011111011010001
001111110011111010001101
001111110011111010100100
001111110011111011111001
001111110011111010101111
001111110011111011011010
001111110011111100101001
001111110011111100001101
001111110011111011011000
001111110011111010000111
001111110011111100000010
001111110011111100011100
001111110011111111101000
001111110011111101100001
001111110011111011011011
001111110011111101101000
001111110011111100110101
001111110011111110000110
001111110011111101011101
001111110011111011100111
001111110011111101101111
001111110011111011111111
001111110011111110001101
001111110011111100010101
001111110011111000100001
001111110011111111010000
001111110011111100010100
001111110011111011001111
001111110011111101100011
001111110100000001011011
001111110011111111100100
001111110011111000101110
001111110011111100110111
001111110011111001000011
001111110011111101100001
001111110011111101000111
001111110011111010000010
001111110011111010111110
001111110011111011001100
001111110011111110100010
001111110011111011110010
001111110011111110100101
001111110011111100110011
001111110011111010011101
001111110011111001111001
001111110011111010111100
001111110011111011010111
001111110011111100001100
001111110011111100111011
001111110011111001010101
001111110011111001101111
001111110011111011001011
001111110011111100101010
001111110011111000010101
001111110011111011001011
001111110011111011001001
001111110011111001001000
001111110011111100110111
001111110011111100001010
001111110011111000101110
001111110011111100101001
001111110011111101100100
001111110011111100100010
001111110011111001101111
001111110011111100100000
001111110011111101101000
001111110011111010010010
001111110011111100010111
001111110011111100000010
001111110011111011000101
001111110011111000111101
001111110011111010100111
001111110011111111101000
001111110011111010100010
001111110011111101001011
001111110011111001110111
001111110011111101011110
001111110011111110000010
001111110011111011011111
001111110011111110011000
001111110011111010101111
001111110011111100100010
001111110011111011010101
001111110011111110110111
001111110011111011110110
001111110011111011111111
001111110011111011001110
001111110011111101111010
001111110011111011101100
001111110011111100101000
001111110011111001000101
001111110011111001010101
001111110011111010001001
001111110011111101110111
001111110011111010111001
001111110011111001101010
001111110011111110110111
001111110011111010100010
001111110011111011100101
001111110011111101100010
010000110011111100101010
010001000010010101011100
010001001110011100010101
010001011000100111000001
010001100001000011111010
010001101000001001101000
010001101110001000010100
010001110011000111011110
010001110111010000011100
010001111010110010010001
010001111101110100111001
010010000000010101001110
010010000010011000111000
010010000100001010111011
010010000101101101110111
010010000111000001100010
010010001000000101001101
010010001001000000101110
010010001001110011001101
010010001010011111101111
010010001011001001001101
010010001011101001001011
010010001100000100011101
010010001100100000010001
010010001100110110110000
010010001101001011000000
010010001101011101000100
010010001101101110111110
010010001101111011100100
010010001110001010001100
010010001110011001110010
010010001110100010001110
010010001110101111101011
010010001110111011100001
010010001111000100111011
010010001111001100010100
010010001111011000110101
010010001111100010111111
010010001111101010010000
010010001111110101001110
010010001111111111110110
010010010000000110011001
010010010000010000010101
010010010000010111111110
010010010000100001100101
010010010000100111010100
010010010000110000010000
010010010000111100111111
010010010001000000111001
010010010001000111111100
010010010001010010000001
010010010001010111011100
010010010001100001001110
010010010001100111011011
010010010001110010001010
010010010001111010000010
010010010010000101011100
010010010010000110111100
010010010010010100011000
010010010010011001101101
010010010010100100011101
010010010010101101010010
010010010010110100111100
010010010010111011101110
010010010011000011010111
010010010011001010101100
010010010011010110010110
010010010011011001111000
010010010011100001110000
010010010011101010100100
010010010011110100001111
010010010011111011100110
010010010100000011101100
010010010100001111001001
010010010100010110000111
010010010100011000101100
010010010100100110010111
010010010100101011110111
010010010100111001100010
010010010100111011010000
010010010101000101000101
010010010101001101001000
010010010101010011100101
010010010101011100010110
010010010101100111101110
010010010101101101110100
010010010101110010011100
010001010110000000010101
010001000111100111110011
010000111011101111000110
010000110001101010101100
010000101001010111001001
010000100010010110110111
010000011100100010100101
010000010111101010111001
010000010011100100101101
010000010000001110101001
010000001101010100000000
010000001010111100000000
010000001001000001100100
010000000111010111001110
010000000101111100101010
010000000100110100001100
010000000011110100110000
010000000011000001011111
010000000010010110110100
010000000001110010001110
010000000001010011111111
010000000000111000001101
010000000000100101110101
010000000000010010001101
010000000000001000100000
001111111111111011000010
001111111111101110101001
001111111111100110001111
001111111111011111010010
001111111111011010000010
001111111111010011001001
001111111111001100000110
001111111111001011111000
001111111111001000111001
001111111111000111101010
001111111111000110111100
001111111111000100101010
001111111111000011000001
001111111111000100110000
001111111110111110010100
001111111111000000001011
001111111110111110001101
001111111110111110000011
001111111110111101110111
001111111110111111001111
001111111110111100010011
001111111110111101000101
001111111110111110000010
001111111110111100011100
001111111110111001101001
001111111110111010010111
001111111110111100100101
001111111110111100000000
001111111110111110100001
001111111110111011001111
001111111110111010110101
001111111110111010110010
001111111110111011000000
001111111110111100011101
001111111110111001101100
001111111110111000101010
001111111110111101001110
001111111110111011010101
001111111110111011001111
001111111110111010110011
001111111110111100001010
001111111110111001111000
001111111110111011001001
001111111110111110000000
001111111110111010101110
001111111110111101000101
001111111110111011101100
001111111110111010100100
001111111110111010101110
001111111110111011001001
001111111110111100111000
001111111110111000010011
001111111110111001110011
001111111110111011000110
001111111110111001110111
001111111110111001101010
001111111110111010111110
001111111110111001110110
001111111110111010010110
001111111110111010101000
001111111110111000100101
001111111110111000010001
001111111110111101000001
001111111110111011110001
001111111110111101001011
001111111110111010111100
001111111110111000000110
001111111110111010010101
001111111110111100100111
001111111110111001101000
001111111110111010110011
001111111110111010000000
001111111110111011010100
001111111110111001110000
001111111110110110111101
001111111110111001100111
001111111110111010101110
001111111110111100110100
001111111110111011101010
001111111110111001100011
001111111110111010011100
001111111110110111110010
001111111110111000111111
001111111110111010101000
001111111110111011101001
001111111110111010000010
001111111110111001011000
001111111110111010100101
001111111110111000111000
001111111110111101010010
001111111110111011110011
001111111110111100011000
001111111110111010101110
001111111110111010001110
001111111110110111111001
001111111110111010100100
001111111110111100100101
001111111110111111000100
001111111110111111000100
001111111110111011100100
001111111110111010110111
001111111110111010100011
001111111110111001001000
001111111110111110000001
001111111110111010011101
001111111110111010000110
001111111110111010101001
001111111110111000011011
001111111110111001100001
001111111110111011111011
001111111110111010111101
001111111110111000100101
001111111110111010001110
001111111110111011100011
001111111110111011100010
001111111110111101010111
001111111110111011101111
001111111110111001110101
001111111110111001101010
001111111110111000011101
001111111110111011010000
001111111110111001100101
001111111110111011001110
001111111110111100001001
001111111110110111110110
001111111110111011111100
001111111110111001101101
001111111110111001100000
001111111110111011010100
001111111110111110001010
001111111110111011101111
001111111110111010101001
001111111110111101010001
001111111110111010011101
001111111110111010100110
001111111110111010110000
001111111110111000100000
001111111110111000001001
001111111110111011001011
001111111110111011001011
001111111110111001111001
001111111110111101001000
001111111110111010001010
001111111110111010100110
001111111110110110100010
001111111110111100100010
001111111110111110000000
001111111110111010011100
001111111110111000101100
001111111110111011001100
001111111110111010111101
001111111110111011111101
001111111110111011101001
001111111110111101110001
001111111110111110011001
001111111110111001101111
001111111110111010101010
001111111110111011011000
001111111110111010110101
001111111110111010000110
001111111110111101001100
001111111110111100010001
001111111110111011000101
001111111110110111011100
001111111110111011000001
001111111110111100001001
001111111110111110110110
001111111110111010100001
001111111110111000100101
001111111110111100011000
001111111110110111010100
001111111110111100001001
001111111110111000100110
001111111110111100000101
001111111110111011001010
001111111110111010100100
001111111110111001010011
001111111110111000101001
001111111110111001110100
001111111110111010101000
001111111110111110000000
001111111110111000110000
001111111110111011011010
001111111110111000101100
001111111110111011101001
001111111110111001101001
001111111110111011011001
001111111110111001011100
001111111110111101000101
001111111110111001100101
001111111110111100000011
001111111110111011010100
001111111110111100110001
001111111110111011000101
001111111110111100100010
001111111110111010001000
001111111110111001010101
001111111110111010011100
001111111110111101000010
001111111110111010100000
001111111110111011011001
001111111110110101001110
001111111110111010000011
001111111110111100011000
001111111110111101010110
001111111110111010001001
001111111110111100011010
001111111110111100100111
001111111110111100100111
001111111110111100000011
001111111110111001111000
001111111110111011101011
001111111110111001101000
001111111110110111011100
001111111110111010110101
001111111110111100111001
001111111110111101111100
001111111110111001100001
001111111110111100000100
001111111110111010101010
001111111110111100000011
001111111110111101000110
001111111110111011110000
001111111110111000101001
001111111110111011111111
001111111110111001000100
001111111110111000011011
001111111110111001101111
001111111110111001000011
001111111110111001111001
001111111110111011101000
001111111110111001101001
001111111110111010010010
001111111110111010011101
001111111110111001111100
001111111110111100111001
001111111110110111011000
001111111110111100101011
010000111110111010001110
010001001101010111011011
010001011001011010000011
010001100011100010010111
010001101011111101110100
010001110011001010010100
010001111001001001001101
010001111110000100111010
010010000010010010011101
010010000101110100001000
010010001000110000110001
010010001011010001111000
010010001101011010010000
010010001111001101110101
010010010000101001101111
010010010010000000010000
010010010011000110101101
010010010100000000101111
010010010100110101001000
010010010101011111001110
010010010110000111011001
010010010110100110000010
010010010111000110100111
010010010111011101111110
010010010111110101111011
010010011000001000100010
010010011000011000001111
010010011000101010001100
010010011000111010100100
010010011001000111110000
010010011001010110111001
010010011001100011011111
010010011001101110101101
010010011001111010100110
010010011010000010011101
010010011010001110110111
010010011010011010001010
010010011010011110001011
010010011010100111111101
010010011010110010010000
010010011010111101001000
010010011011000100010000
010010011011001101101011
010010011011010110011011
010010011011100000000001
010010011011100111000110
010010011011101111101000
010010011011110100011011
010010011100000000101110
010010011100001011110001
010010011100010011000000
010010011100011001000100
010010011100100011110000
010010011100101001111111
010010011100110000011110
010010011100111001000001
010010011101000101011010
010010011101001000111111
010010011101010011100110
010010011101011010101101
010010011101100010000011
010010011101101001111100
010010011101110100111101
010010011101111010110101
010010011110000101110010
010010011110001100011100
010010011110010101000110
010010011110011101001000
010010011110100011110111
010010011110101110101110
010010011110110100100100
010010011110111001101101
010010011111000001010111
010010011111001101011111
010010011111010110101000
010010011111011010011111
010010011111100000101100
010010011111101001111000
010010011111110101000111
010010011111111101111110
010010100000000100110001
010010100000001101001000
010010100000010100101011
010010100000011100011100
010010100000100001110011
010010100000101010110100
010010100000110011011110
010001100000111100000111
010001010010100111000001
010001000110101100001001
010000111100101001110101
010000110100010101100111
010000101101011000001111
010000100111100011001100
010000100010101010101001
010000011110100100111011
010000011011001100001010
010000011000011000001011
010000010101111110111001
010000010100000000011000
010000010010010110001000
010000010000111011010001
010000001111110100001001
010000001110110000111100
010000001110000001000101
010000001101010101010001
010000001100110011011111
010000001100010101001110
010000001011111100001110
010000001011100010011000
010000001011010101100001
010000001011000100101001
010000001010111000111001
010000001010101110100110
010000001010100110110100
010000001010100000101111
010000001010010111111010
010000001010010100111010
010000001010010000000110
010000001010001011011111
010000001010000111001000
010000001010000100001010
010000001010000010110101
010000001010000001011111
010000001010000000111110
010000001001111101011000
010000001001111011111000
010000001010000001000011
010000001001111111100100
010000001001111110000100
010000001001111010111010
010000001001111011000111
010000001001111011101111
010000001001111010110111
010000001001111100110101
010000001001111010011100
010000001001111011110001
010000001001111100000101
010000001001111011100001
010000001001111101110000
010000001001111011010100
010000001001111010110110
010000001001111011001111
010000001001111010110011
010000001001111010110001
010000001001111001110010
010000001001111001011000
010000001001111010000010
010000001001111001011011
010000001001111010011011
010000001001111100000110
010000001001111011001110
010000001001111010110010
010000001001111011001110
010000001001111001101111
010000001001111011111111
010000001001111100000101
010000001001111001110001
010000001001111011100000
010000001001111101001011
010000001001111100000000
010000001001111010111000
010000001001111010110010
010000001001110111101101
010000001001111011001010
010000001001111001000110
010000001001111001001011
010000001001110111101110
010000001001111010011000
010000001001111011000011
010000001001111101001100
010000001001111000001101
010000001001111010100000
010000001001111010101110
010000001001111011111011
010000001001111001011010
010000001001111010000111
010000001001111010111111
010000001001111010000000
010000001001111011101010
010000001001111010000111
010000001001111010010100
010000001001111000000010
010000001001111010110101
010000001001111001000101
010000001001111000101001
010000001001111100011001
010000001001111101111101
010000001001111010100110
010000001001111000011011
010000001001110111101100
010000001001111001010100
010000001001111110001000
010000001001111000110111
010000001001111011111110
010000001001111011001101
010000001001111000111010
010000001001111011101111
010000001001111010001110
010000001001111000011110
010000001001111000010001
010000001001111010000110
010000001001111010000100
010000001001111010010001
010000001001111010010101
010000001001110111111011
010000001001111011100000
010000001001111010110000
010000001001111011010010
010000001001111001101011
010000001001111011011111
010000001001111101010100
010000001001111010111011
010000001001111001000001
010000001001111010000011
010000001001111001011100
010000001001111000110001
010000001001111001010000
010000001001110110111111
010000001001111000010101
010000001001111011000101
010000001001111010011000
010000001001110111011000
010000001001110110110000
010000001001111010000110
010000001001111000000101
010000001001111010110111
010000001001111011000000
010000001001111010110101
010000001001111000100000
010000001001111010000001
010000001001111011010111
010000001001111100010001
010000001001110111100110
010000001001111001100101
010000001001111010010011
010000001001110111001101
010000001001111011101011
010000001001111010011010
010000001001111000011110
010000001001111000001010
010000001001111001010101
010000001001111010111001
010000001001111001100101
010000001001111011101010
010000001001111101101000
010000001001111001111111
010000001001111011101110
010000001001111001101010
010000001001110110111011
010000001001111101100101
010000001001111001111101
010000001001111001000000
010000001001111000011101
010000001001111000100001
010000001001111011010110
010000001001111101010011
010000001001111101111000
010000001001111011011110
010000001001111010111011
010000001001111001111011
010000001001111010110111
010000001001111001011001
010000001001111001100111
010000001001111001011011
010000001001111100000001
010000001001111010100111
010000001001111000101101
010000001001111011010001
010000001001111100100110
010000001001111100010011
010000001001111001110001
010000001001111100101101
010000001001111010010101
010000001001111001001110
010000001001111000000101
010000001001111001100111
010000001001111000100100
010000001001111010010001
010000001001110111010001
010000001001110111010001
010000001001111100001100
010000001001111010111001
010000001001111000101101
010000001001111000101100
010000001001110111000001
010000001001111011100101
010000001001111001101010
010000001001111010001101
010000001001111010101000
010000001001111011010111
010000001001111001101100
010000001001111000000110
010000001001111001110100
010000001001111001000000
010000001001111000111101
010000001001111011100011
010000001001111100001110
010000001001111001110100
010000001001111010011101
010000001001111100010110
010000001001111011100010
010000001001111001011110
010000001001111001100100
010000001001111011000010
010000001001110110011011
010000001001111010110111
010000001001111001110011
010000001001111001111010
010000001001111000001101
010000001001111001010101
010000001001111000010111
010000001001111011000111
010000001001111001111101
010000001001111100100101
010000001001111001010101
010000001001111011111000
010000001001111011110111
010000001001111010001100
010000001001111101100111
010000001001111100101011
010000001001111010111110
010000001001110111011000
010000001001111100010011
010000001001111001100011
010000001001111101101000
010000001001111000001010
010000001001111011000011
010000001001111101100010
010000001001111100011100
010000001001111011101101
010000001001110111111001
010000001001110100010100
010000001001111000010000
010000001001111000011101
010000001001111001100000
010000001001111101000111
010000001001111010000100
010000001001110111010100
010000001001111010010000
010000001001111001000011
010000001001111001100111
010000001001111011000011
010000001001111011111011
010000001001111010111101
010000001001111101101001
010000001001111010010001
010000001001111101000011
010000001001111100000101
010000001001111000110101
010001001001111011110111
010001011000010101111100
010001100100011011100010
010001101110100001110010
010001110111000011101011
010001111110001000111011
010010000100000101000011
010010001001000100110100
010010001101010000001011
010010010000110000111010
010010010011101110100010
010010010110010000110100
010010011000010111101011
010010011010001001101011
010010011011101011010001
010010011100111110000111
010010011110000111010010
010010011110111100101010
010010011111110010001110
010010100000011111010111
010010100001000111000001
010010100001100110111001
010010100010000010001010
010010100010011101000010
010010100010110101110100
010010100011001000000100
010010100011010110101111
010010100011101011011111
010010100011111011010010
010010100100000110000100
010010100100010111011101
010010100100100010010101
010010100100101110101111
010010100100110111000000
010010100101000110001110
010010100101001011011110
010010100101011000011101
010010100101011111111101
010010100101101010111001
010010100101110100010101
010010100101111010000100
010010100110000101000011
010010100110001100000111
010010100110010100010011
010010100110011010110011
010010100110101011001100
010010100110101110011110
010010100110110101001101
010010100111000000000001
010010100111001001110001
010010100111010000101110
010010100111010110111011
010010100111011110001100
010010100111101000010001
010010100111110000100111
010010100111111001101001
010010101000000010101011
010010101000001000011111
010010101000001101011100
010010101000011010010010
010010101000100000011111
010010101000101001101010
010010101000101111111001
010010101000111011101010
010010101001000010111010
010010101001001001110100
010010101001010011001011
010010101001011010101111
010010101001100011001011
010010101001101100000111
010010101001110010001110
010010101001111001010110
010010101010000011001110
010010101010001010011101
010010101010010011101110
010010101010011011101101
010010101010100001101011
010010101010101011001000
010010101010110001111011
010010101010111100101010
010010101011000101001110
010010101011001011100011
010010101011010010000101
010010101011011011011111
010010101011100010000101
010010101011101001000001
010010101011101110100000
010001101011111100001100
010001011101101011000000
010001010001101100110011
010001000111101010000010
010000111111010010101101
010000111000011000010111
010000110010100001100100
010000101101101000001011
010000101001100100100011
010000100110001011111010
010000100011011000000001
010000100000111100011101
010000011110111110110110
010000011101010100101010
010000011011111010001001
010000011010110001101000
010000011001110001000000
010000011000111110010001
010000011000010011101111
010000010111101111110011
010000010111010001101000
010000010110111001110011
010000010110100010000111
010000010110010011011000
010000010110000000110101
010000010101110111101101
010000010101101111010000
010000010101100011010011
010000010101011011100111
010000010101010111011100
010000010101010010000000
010000010101001101100011
010000010101001100000101
010000010101000111001110
010000010101000110001001
010000010101000100011000
010000010101000000011000
010000010101000000110111
010000010100111111100011
010000010100111011110001
010000010100111100001100
010000010100111001110100
010000010100111100010001
010000010100111100110010
010000010100111010100000
010000010100111110001000
010000010100111010011010
010000010100111010110100
010000010100111001110000
010000010100111011010000
010000010100111010101001
010000010100111000001111
010000010100111001000101
010000010100111010011111
010000010100110111111110
010000010100111000111010
010000010100111000011000
010000010100110111110111
010000010100111010011100
010000010100111000100100
010000010100111010001111
010000010100111000000001
010000010100111010001001
010000010100110111101010
010000010100111001100111
010000010100110111110001
010000010100111001001111
010000010100110110110110
010000010100111010010101
010000010100111001010101
010000010100110101111111
010000010100111000011110
010000010100111010011100
010000010100111000101000
010000010100111000111001
010000010100110111101101
010000010100111001101010
010000010100111001100100
010000010100111001010000
010000010100111001001101
010000010100111000100101
010000010100111001011100
010000010100110111110010
010000010100111001101100
010000010100111001010101
010000010100111100010101
010000010100111001100111
010000010100110111101011
010000010100111001010110
010000010100111001110101
010000010100111001111101
010000010100111010001110
010000010100111000011101
010000010100111011101111
010000010100111000001100
010000010100111010001011
010000010100110111000000
010000010100111000101100
010000010100111010000001
010000010100111000100101
010000010100110101001111
010000010100110100011100
010000010100110111110101
010000010100110111110001
010000010100111100100110
010000010100110110010110
010000010100111000111101
010000010100111011111101
010000010100111100101110
010000010100110111111100
010000010100111000110111
010000010100111000010010
010000010100111000101110
010000010100111001100111
010000010100110111100010
010000010100111001001110
010000010100111000111011
010000010100110110101010
010000010100111001111010
010000010100111000111101
010000010100110101000000
010000010100111011101000
010000010100111000000001
010000010100110111001011
010000010100111001011010
010000010100110111111101
010000010100110101110010
010000010100111001000111
010000010100110111000111
010000010100110110100101
010000010100111000111100
010000010100111010000110
010000010100110110100111
010000010100111000010000
010000010100111001000100
010000010100111000001100
010000010100110110011000
010000010100111010101000
010000010100111001100100
010000010100111001101111
010000010100111010010100
010000010100111000111101
010000010100111010000101
010000010100110110001001
010000010100111000111001
010000010100111000010010
010000010100111010000100
010000010100111000101110
010000010100110110110100
010000010100110101110110
010000010100111000010111
010000010100111010011010
010000010100111000101010
010000010100111000111010
010000010100111001100011
010000010100111010100011
010000010100110110010000
010000010100111011001101
010000010100111000010001
010000010100111000101111
010000010100110111000101
010000010100111001111010
010000010100111010000101
010000010100111010111110
010000010100111011110010
010000010100111010011110
010000010100111000010110
010000010100111010100110
010000010100111001010011
010000010100111000100101
010000010100110111010110
010000010100111001110100
010000010100111001000110
010000010100111010111110
010000010100111010101110
010000010100111010100110
010000010100111010110100
010000010100111010001000
010000010100110110101011
010000010100110111001101
010000010100110111100001
010000010100111011010110
010000010100111000001010
010000010100111010011011
010000010100111001001100
010000010100111010110111
010000010100111000110111
010000010100110111100000
010000010100110110101011
010000010100111010110110
010000010100110111000100
010000010100110111010000
010000010100111010011001
010000010100111000110011
010000010100110111100111
010000010100111010010110
010000010100110110101100
010000010100110111001110
010000010100111001001000
010000010100111000100001
010000010100111001000101
010000010100110111101000
010000010100111000010001
010000010100111010011111
010000010100110111010001
010000010100111001011001
010000010100111011010110
010000010100111001101001
010000010100111011001111
010000010100111001110101
010000010100111001000101
010000010100111010011111
010000010100111000010100
010000010100110101010111
010000010100111000100110
010000010100111001110101
010000010100110111101101
010000010100111001001011
010000010100110111001101
010000010100111001101000
010000010100111010110001
010000010100111011111101
010000010100111010100000
010000010100111000101011
010000010100111001101101
010000010100111011111010
010000010100111001101001
010000010100111001111110
010000010100111000100110
010000010100111010101010
010000010100111011011011
010000010100111010001001
010000010100110110010111
010000010100110110111111
010000010100111010101110
010000010100111011001111
010000010100110111111011
010000010100111001000111
010000010100111000001001
010000010100111000111001
010000010100111011010100
010000010100111100001000
010000010100111011110111
010000010100111001001010
010000010100111001101110
010000010100110111111001
010000010100111000100110
010000010100111000110011
010000010100111000000101
010000010100111011011000
010000010100111001000101
010000010100110110111110
010000010100111000110011
010000010100110111000001
010000010100111010111100
010000010100111001101001
010000010100110111110101
010000010100111000000111
010000010100111011010111
010000010100111010110000
010000010100111001000110
010000010100110111011101
010000010100111001100101
010001010100110111111001
010001100011010011100111
010001101111011011101100
010001111001011111110110
010010000010000001001110
010010001001000110100000
010010001111000011001101
010010010100000101000001
010010011000001111100111
010010011011110011001011
010010011110101111110000
010010100001001110110100
010010100011010101101000
010010100101000110111110
010010100110101001100101
010010100111111011010010
010010101001000010001110
010010101001111111100111
010010101010110100000100
010010101011011111101110
010010101100000010010110
010010101100100001110001
010010101101000010000011
010010101101010001000100
010010101101101101011010
010010101110000111111110
010010101110011111001001
010010101110110101010000
010010101111001011001011
010010101111100010111011
010010101111110100100000
010010110000000111101000
010010110000010111100001
010010110000101011111000
010010110000111001101101
010010110001001100100101
010010110001011010111111
010010110001101010100101
010010110001111010101011
010010110010001000101010
010010110010011010010010
010010110010101000001100
010010110010110111101001
010010110011000101010111
010010110011010101111101
010010110011100011101010
010010110011110110011000
010010110011111111100110
010010110100001111110000
010010110100100000100000
010010110100101010010010
010010110100111011111011
010010110101001011001010
010010110101010111000100
010010110101100101011000
010010110101110101101000
010010110110000010111000
010010110110010010101010
010010110110100010010001
010010110110101100100111
010010110110111101010101
010010110111001001111010
010010110111011000010001
010010110111101000000100
010010110111110101110100
010010111000000101101010
010010111000010011010111
010010111000100000111111
010010111000110010000000
010010111000111111001111
010010111001001101101111
010010111001011110001110
010010111001100110111000
010010111001111000110000
010010111010001001110111
010010111010010101110010
010010111010100011110100
010010111010110011111100
010010111011000001001000
010010111011001101101110
010010111011011100111110
010010111011101011110001
010010111011110111001011
010010111100000101010100
010010111100010101011110
010010111100100001111101
010010111100110010001100
010001111101000010011110
010001101110101110000010
010001100010110001010010
010001011000110010101011
010001010000011100010100
010001001001011011101000
010001000011101000010010
010000111110101111011100
010000111010101000001010
010000110111010100011111
010000110100011100000000
010000110010000011111110
010000110000000011001111
010000101110011001101001
010000101101000010111101
010000101011111000011101
010000101010111101000010
010000101010000110111111
010000101001011011110111
010000101000111000001101
010000101000011001001010
010000100111111111111010
010000100111101011010000
010000100111010111111110
010000100111001011000001
010000100110111100100100
010000100110101111101110
010000100110101010111101
010000100110100101001001
010000100110011110101001
010000100110010110010001
010000100110010011011101
010000100110010000110001
010000100110001111011010
010000100110001101011111
010000100110001010110011
010000100110000100111100
010000100110000111011110
010000100110000010011100
010000100110000101010100
010000100110000100101110
010000100110000011001010
010000100110000011001100
010000100110000010111010
010000100110000010111001
010000100110000000001001
010000100110000011000101
010000100101111111011110
010000100110000001111111
010000100110000010001101
010000100110000001000001
010000100110000001111101
010000100110000010001100
010000100101111111001001
010000100101111100110110
010000100110000001001011
010000100101111111101001
010000100110000000001001
010000100101111111101001
010000100101111111101101
010000100110000001010010
010000100110000000111000
010000100110000000000010
010000100110000010001000
010000100110000001011111
010000100110000000011111
010000100110000000011001
010000100101111111111101
010000100101111111110100
010000100110000000001101
010000100101111111000100
010000100101111110010010
010000100110000000111100
010000100101111100111011
010000100101111101001001
010000100101111110001000
010000100101111111100011
010000100110000001110011
010000100110000001001001
010000100110000001111000
010000100101111101100000
010000100110000010100001
010000100101111111011000
010000100110000000001000
010000100101111110010011
010000100110000001011110
010000100101111110000010
010000100101111111010101
010000100101111111110100
010000100110000000110000
010000100101111101011011
010000100101111110101111
010000100110000000000100
010000100110000001110100
010000100110000001101111
010000100110000000110011
010000100110000011111000
010000100101111111111100
010000100101111101010011
010000100101111111101110
010000100101111111101100
010000100101111110110111
010000100101111101011111
010000100110000000000110
010000100110000001011110
010000100110000001001100
010000100110000001100000
010000100101111110101000
010000100101111110011010
010000100110000010011000
010000100110000000001100
010000100110000011000010
010000100110000001001010
010000100110000011001110
010000100101111110101110
010000100110000010100111
010000100110000000000000
010000100101111111000110
010000100101111101111010
010000100110000010001000
010000100110000010100100
010000100110000000000001
010000100110000000010001
010000100101111110111111
010000100110000000011011
010000100101111110101010
010000100101111111101000
010000100110000001101110
010000100110000101001011
010000100101111110011101
010000100101111101110110
010000100101111100110111
010000100110000000110000
010000100110000000110011
010000100101111110100111
010000100101111111100001
010000100110000010000111
010000100101111101111010
010000100101111110101001
010000100101111110010111
010000100110000000110001
010000100110000000011010
010000100110000000100101
010000100101111110000011
010000100101111110111001
010000100101111100100111
010000100101111110100000
010000100101111111000011
010000100110000001111111
010000100110000010101000
010000100110000000001000
010000100110000010010000
